{
  "camera_model": "OPENCV",
  "w": 1600,
  "h": 900,
  "fl_x": 1252.8131021185304,
  "fl_y": 1252.8131021185304,
  "cx": 826.588114781398,
  "cy": 469.9846626224581,
  "frames": [
    {
      "file_path": "images/0000.jpg",
      "transform_matrix": [
        [
          0.657435820682272,
          0.01140787496651872,
          0.7534241846878655,
          1315.0845688941954
        ],
        [
          0.7535028909472642,
          -0.014460055603685712,
          -0.6572855544784574,
          1039.7084119905267
        ],
        [
          0.003396324180958964,
          0.9998303692030395,
          -0.018102425289757147,
          1.5112982671175634
        ],
        [
          0.0,
          0.0,
          0.0,
          1.0
        ]
      ]
    },
    {
      "file_path": "images/0001.jpg",
      "transform_matrix": [
        [
          0.6574308428507953,
          0.011463946593792906,
          0.753427677217255,
          1315.0846607665546
        ],
        [
          0.7535072885190676,
          -0.014492766097193448,
          -0.6572797926906737,
          1039.7083482426488
        ],
        [
          0.003384230656476311,
          0.9998292542526184,
          -0.018166158744133562,
          1.5114072399333596
        ],
        [
          0.0,
          0.0,
          0.0,
          1.0
        ]
      ]
    },
    {
      "file_path": "images/0002.jpg",
      "transform_matrix": [
        [
          0.6574226648939047,
          0.011480930488182835,
          0.7534345545028595,
          1315.084673295403
        ],
        [
          0.7535141502848482,
          -0.014587372927615874,
          -0.6572698333801525,
          1039.7081983954074
        ],
        [
          0.0034445615540683247,
          0.9998276835466178,
          -0.018241113165156884,
          1.511534614364862
        ],
        [
          0.0,
          0.0,
          0.0,
          1.0
        ]
      ]
    },
    {
      "file_path": "images/0003.jpg",
      "transform_matrix": [
        [
          0.6574127053206335,
          0.011424505680361016,
          0.7534441024740748,
          1315.0845809180319
        ],
        [
          0.7535225725308232,
          -0.014614720178354617,
          -0.6572595702160887,
          1039.7081391515317
        ],
        [
          0.003502509034284826,
          0.9998279305080784,
          -0.018216525640114757,
          1.5114920169572168
        ],
        [
          0.0,
          0.0,
          0.0,
          1.0
        ]
      ]
    },
    {
      "file_path": "images/0004.jpg",
      "transform_matrix": [
        [
          0.6575055062762976,
          0.011407409693556116,
          0.7533633786032023,
          1315.0846845775773
        ],
        [
          0.7534408480163644,
          -0.014812164210232612,
          -0.6573488330649034,
          1039.7080166693527
        ],
        [
          0.003660294623493916,
          0.9998252201237431,
          -0.018333887961279625,
          1.5116907461960931
        ],
        [
          0.0,
          0.0,
          0.0,
          1.0
        ]
      ]
    },
    {
      "file_path": "images/0005.jpg",
      "transform_matrix": [
        [
          0.6574445224433944,
          0.011325987374890639,
          0.7534178269188766,
          1315.0844753830365
        ],
        [
          0.7534934964354145,
          -0.014891386230317204,
          -0.6572866934950646,
          1039.7077908377498
        ],
        [
          0.0037750150612465734,
          0.9998249689951358,
          -0.01832431813640069,
          1.5116731579379072
        ],
        [
          0.0,
          0.0,
          0.0,
          1.0
        ]
      ]
    },
    {
      "file_path": "images/0006.jpg",
      "transform_matrix": [
        [
          0.6574513879280803,
          0.01143701269280108,
          0.7534101587131047,
          1315.0846631111808
        ],
        [
          0.7534865843966132,
          -0.015226896044258358,
          -0.6572869303212889,
          1039.7072894129315
        ],
        [
          0.003954699200515822,
          0.9998186517451663,
          -0.018628579567733602,
          1.5121906441331323
        ],
        [
          0.0,
          0.0,
          0.0,
          1.0
        ]
      ]
    },
    {
      "file_path": "images/0007.jpg",
      "transform_matrix": [
        [
          0.6574134520833697,
          0.011762547536416744,
          0.7534382492913931,
          1315.0850958098938
        ],
        [
          0.7535195792217027,
          -0.015535913196173923,
          -0.6572418726243089,
          1039.7067574624987
        ],
        [
          0.003974512470001362,
          0.9998101209112725,
          -0.01907682819578026,
          1.5129554861315744
        ],
        [
          0.0,
          0.0,
          0.0,
          1.0
        ]
      ]
    },
    {
      "file_path": "images/0008.jpg",
      "transform_matrix": [
        [
          0.6573613762559931,
          0.011737987103150545,
          0.7534840679573735,
          1315.0849918230615
        ],
        [
          0.7535649902615053,
          -0.015517698709707461,
          -0.6571902361408996,
          1039.7066870804413
        ],
        [
          0.0039782482329889495,
          0.9998106924240808,
          -0.019046071917214427,
          1.5129029591982757
        ],
        [
          0.0,
          0.0,
          0.0,
          1.0
        ]
      ]
    },
    {
      "file_path": "images/0009.jpg",
      "transform_matrix": [
        [
          0.6573653420145081,
          0.01160550661777964,
          0.7534826602744702,
          1315.0847999498685
        ],
        [
          0.7535611770101078,
          -0.015490451634865558,
          -0.6571952513608788,
          1039.7067369168287
        ],
        [
          0.004044702867849515,
          0.9998126615142918,
          -0.01892834526360518,
          1.5127012970254758
        ],
        [
          0.0,
          0.0,
          0.0,
          1.0
        ]
      ]
    },
    {
      "file_path": "images/0010.jpg",
      "transform_matrix": [
        [
          0.6574156923818985,
          0.011605916927075495,
          0.7534387235219006,
          1315.0848754922001
        ],
        [
          0.753517475497674,
          -0.015436743060334641,
          -0.6572466212034118,
          1039.7069087119928
        ],
        [
          0.004002690300426255,
          0.9998134874345168,
          -0.01889361835085697,
          1.5126425043819258
        ],
        [
          0.0,
          0.0,
          0.0,
          1.0
        ]
      ]
    },
    {
      "file_path": "images/0011.jpg",
      "transform_matrix": [
        [
          0.6573488952048009,
          0.01119636658104844,
          0.7535031992954053,
          1315.0841613730227
        ],
        [
          0.7535748554927103,
          -0.015295840440637485,
          -0.6571841252148105,
          1039.7070071444846
        ],
        [
          0.004167390330781746,
          0.9998203231784188,
          -0.018492004143238903,
          1.5119550595021096
        ],
        [
          0.0,
          0.0,
          0.0,
          1.0
        ]
      ]
    },
    {
      "file_path": "images/0012.jpg",
      "transform_matrix": [
        [
          0.6574606231981969,
          0.011124007362252735,
          0.7534067861414863,
          1315.0842120310813
        ],
        [
          0.7534775401006856,
          -0.01519774625858802,
          -0.6572979728193902,
          1039.707359787197
        ],
        [
          0.004138297676439931,
          0.9998226267537977,
          -0.018373609429751407,
          1.5117532464257455
        ],
        [
          0.0,
          0.0,
          0.0,
          1.0
        ]
      ]
    },
    {
      "file_path": "images/0013.jpg",
      "transform_matrix": [
        [
          0.6574169354855139,
          0.011130895445944367,
          0.7534448062754213,
          1315.0841554718643
        ],
        [
          0.7535153390338346,
          -0.015278962324042128,
          -0.6572527574312841,
          1039.7071631653473
        ],
        [
          0.00419604308380115,
          0.9998213122737843,
          -0.018431949044171298,
          1.511852192343096
        ],
        [
          0.0,
          0.0,
          0.0,
          1.0
        ]
      ]
    },
    {
      "file_path": "images/0014.jpg",
      "transform_matrix": [
        [
          0.6574025317448825,
          0.011398769736616238,
          0.753453369030832,
          1315.084543226785
        ],
        [
          0.7535283968642289,
          -0.015393840305517362,
          -0.6572351061833764,
          1039.7069581976368
        ],
        [
          0.004106869202309857,
          0.9998165320343229,
          -0.018709246275980397,
          1.512326622052949
        ],
        [
          0.0,
          0.0,
          0.0,
          1.0
        ]
      ]
    },
    {
      "file_path": "images/0015.jpg",
      "transform_matrix": [
        [
          0.6573819789620388,
          0.011428283085924598,
          0.7534708541686677,
          1315.0845624860983
        ],
        [
          0.7535466304694778,
          -0.01534458861947693,
          -0.6572153523071381,
          1039.7069923479417
        ],
        [
          0.004050857199402479,
          0.9998169522196586,
          -0.018699000244479888,
          1.5123097709046007
        ],
        [
          0.0,
          0.0,
          0.0,
          1.0
        ]
      ]
    },
    {
      "file_path": "images/0016.jpg",
      "transform_matrix": [
        [
          0.6574350975582943,
          0.011289243981940951,
          0.753426602575747,
          1315.0844232111958
        ],
        [
          0.7535000138644121,
          -0.01529212874310881,
          -0.6572700205431827,
          1039.707174812047
        ],
        [
          0.004101414981144096,
          0.9998193355645912,
          -0.018560027649010928,
          1.5120719519649555
        ],
        [
          0.0,
          0.0,
          0.0,
          1.0
        ]
      ]
    },
    {
      "file_path": "images/0017.jpg",
      "transform_matrix": [
        [
          0.6574887046778428,
          0.011188962654214254,
          0.7533813180161657,
          1315.0843482095543
        ],
        [
          0.7534531338820518,
          -0.01523167005548581,
          -0.6573251640327151,
          1039.7073652532895
        ],
        [
          0.004120468949951982,
          0.9998213857194911,
          -0.018445009991568576,
          1.5118753635079658
        ],
        [
          0.0,
          0.0,
          0.0,
          1.0
        ]
      ]
    },
    {
      "file_path": "images/0018.jpg",
      "transform_matrix": [
        [
          0.6574194012509532,
          0.011099774177256086,
          0.7534431138925161,
          1315.0841168328925
        ],
        [
          0.7535135483039117,
          -0.01516530387652907,
          -0.6572574427732106,
          1039.7073396780706
        ],
        [
          0.004130784584754889,
          0.9998233886899953,
          -0.01833379521997284,
          1.5116853489697857
        ],
        [
          0.0,
          0.0,
          0.0,
          1.0
        ]
      ]
    },
    {
      "file_path": "images/0019.jpg",
      "transform_matrix": [
        [
          0.6575116606397362,
          0.01105775340850199,
          0.7533632206395094,
          1315.0841856466127
        ],
        [
          0.7534327365498869,
          -0.015205685939204435,
          -0.6573491451352682,
          1039.7074462646312
        ],
        [
          0.004186599780996593,
          0.9998232409804625,
          -0.018329189223714033,
          1.5116768407208552
        ],
        [
          0.0,
          0.0,
          0.0,
          1.0
        ]
      ]
    },
    {
      "file_path": "images/0020.jpg",
      "transform_matrix": [
        [
          0.6574073692461186,
          0.010939915337125183,
          0.7534559503470084,
          1315.083856142768
        ],
        [
          0.7535239558613219,
          -0.0150471756435866,
          -0.6572482258996637,
          1039.7075011671882
        ],
        [
          0.004147144077758876,
          0.9998269354031061,
          -0.01813561243605301,
          1.5113467238628238
        ],
        [
          0.0,
          0.0,
          0.0,
          1.0
        ]
      ]
    },
    {
      "file_path": "images/0021.jpg",
      "transform_matrix": [
        [
          0.6574229441423378,
          0.010974022086327747,
          0.7534418646149612,
          1315.0839346770313
        ],
        [
          0.7535100329252706,
          -0.01515747071432211,
          -0.6572616536528678,
          1039.7073583900703
        ],
        [
          0.004207469094162676,
          0.9998248956296263,
          -0.018233904766352324,
          1.511513888221742
        ],
        [
          0.0,
          0.0,
          0.0,
          1.0
        ]
      ]
    },
    {
      "file_path": "images/0022.jpg",
      "transform_matrix": [
        [
          0.6573979622692709,
          0.010869826817233781,
          0.7534651724327899,
          1315.0837466967296
        ],
        [
          0.7535323467362987,
          -0.014941216859043965,
          -0.657241023111657,
          1039.7076370956706
        ],
        [
          0.0041135904386500385,
          0.9998292888807239,
          -0.018013091627166057,
          1.5111378510720495
        ],
        [
          0.0,
          0.0,
          0.0,
          1.0
        ]
      ]
    },
    {
      "file_path": "images/0023.jpg",
      "transform_matrix": [
        [
          0.657418783982058,
          0.010879415953927971,
          0.7534468665911709,
          1315.0837899717233
        ],
        [
          0.7535136963401019,
          -0.015066776838714747,
          -0.6572595390434198,
          1039.7074860473126
        ],
        [
          0.004201415883817746,
          0.999827300359514,
          -0.01810297103730258,
          1.5112903498098853
        ],
        [
          0.0,
          0.0,
          0.0,
          1.0
        ]
      ]
    },
    {
      "file_path": "images/0024.jpg",
      "transform_matrix": [
        [
          0.6573861745794618,
          0.010738118142249366,
          0.75347734557221,
          1315.0835288953413
        ],
        [
          0.7535417151117878,
          -0.015044068534591205,
          -0.6572279357942048,
          1039.707464253862
        ],
        [
          0.004277973605105357,
          0.9998291698188693,
          -0.017981382626049716,
          1.511081786956919
        ],
        [
          0.0,
          0.0,
          0.0,
          1.0
        ]
      ]
    },
    {
      "file_path": "images/0025.jpg",
      "transform_matrix": [
        [
          0.6573289961168927,
          0.010875503536551876,
          0.7535252578957027,
          1315.083653926112
        ],
        [
          0.7535921912728769,
          -0.01502060574176355,
          -0.6571705947892791,
          1039.7073954594161
        ],
        [
          0.004171344687563373,
          0.9998280376274599,
          -0.01806917423460707,
          1.5112329753055156
        ],
        [
          0.0,
          0.0,
          0.0,
          1.0
        ]
      ]
    },
    {
      "file_path": "images/0026.jpg",
      "transform_matrix": [
        [
          0.6573941444097043,
          0.010837441278510496,
          0.7534689700063085,
          1315.08369103279
        ],
        [
          0.7535351237582372,
          -0.015045817121448497,
          -0.657235452976942,
          1039.707474579171
        ],
        [
          0.004213805701608255,
          0.9998280718471964,
          -0.018057424728524507,
          1.5112124162027119
        ],
        [
          0.0,
          0.0,
          0.0,
          1.0
        ]
      ]
    },
    {
      "file_path": "images/0027.jpg",
      "transform_matrix": [
        [
          0.657429451134909,
          0.010944064120386824,
          0.7534366225774938,
          1315.0838974197654
        ],
        [
          0.753504564256748,
          -0.015081752101952114,
          -0.6572696649000187,
          1039.707487616394
        ],
        [
          0.004169943009194873,
          0.9998263690331755,
          -0.018161590272769087,
          1.5113908268268312
        ],
        [
          0.0,
          0.0,
          0.0,
          1.0
        ]
      ]
    },
    {
      "file_path": "images/0028.jpg",
      "transform_matrix": [
        [
          0.657387398568219,
          0.011103875637703885,
          0.7534709763153006,
          1315.0840793011077
        ],
        [
          0.7535411677299273,
          -0.01524018161525105,
          -0.6572240450565943,
          1039.7071697343924
        ],
        [
          0.004185300458448614,
          0.9998222045994761,
          -0.01838593076012032,
          1.511773743033907
        ],
        [
          0.0,
          0.0,
          0.0,
          1.0
        ]
      ]
    },
    {
      "file_path": "images/0029.jpg",
      "transform_matrix": [
        [
          0.6573917896827128,
          0.011335742011677011,
          0.7534636924303689,
          1315.0844397278481
        ],
        [
          0.7535375230792766,
          -0.015397921100332616,
          -0.6572245471201891,
          1039.7069331656407
        ],
        [
          0.004151646578112397,
          0.999817185778897,
          -0.0186643738672856,
          1.5122495093269042
        ],
        [
          0.0,
          0.0,
          0.0,
          1.0
        ]
      ]
    },
    {
      "file_path": "images/0030.jpg",
      "transform_matrix": [
        [
          0.6573717521997946,
          0.01134393335622954,
          0.753481051245339,
          1315.0844218700622
        ],
        [
          0.7535551633511792,
          -0.015365766159448232,
          -0.6572050737913632,
          1039.706946938929
        ],
        [
          0.004122523080545996,
          0.9998175875660233,
          -0.01864930017742719,
          1.5122241120896442
        ],
        [
          0.0,
          0.0,
          0.0,
          1.0
        ]
      ]
    },
    {
      "file_path": "images/0031.jpg",
      "transform_matrix": [
        [
          0.657322693038868,
          0.011434235847825118,
          0.7535224850438806,
          1315.0844904155306
        ],
        [
          0.7535980795905105,
          -0.015413294601382412,
          -0.657154749497426,
          1039.706783399598
        ],
        [
          0.0041002016564751255,
          0.9998158273402687,
          -0.01874832649248808,
          1.5123934071007246
        ],
        [
          0.0,
          0.0,
          0.0,
          1.0
        ]
      ]
    },
    {
      "file_path": "images/0032.jpg",
      "transform_matrix": [
        [
          0.6573752402577816,
          0.011564503839266932,
          0.7534746550130111,
          1315.0847613002775
        ],
        [
          0.753552688842504,
          -0.01541864867802761,
          -0.6572066725248431,
          1039.7068699858414
        ],
        [
          0.004017291905838306,
          0.9998142465097681,
          -0.018850300842377737,
          1.512568406822174
        ],
        [
          0.0,
          0.0,
          0.0,
          1.0
        ]
      ]
    },
    {
      "file_path": "images/0033.jpg",
      "transform_matrix": [
        [
          0.6573631232795325,
          0.011655236671811689,
          0.7534838283668086,
          1315.0848793021657
        ],
        [
          0.7535639145512805,
          -0.01533169040373576,
          -0.6571958353151021,
          1039.7069803071422
        ],
        [
          0.0038924077804150126,
          0.999814530164214,
          -0.01886145366038658,
          1.5125888437941115
        ],
        [
          0.0,
          0.0,
          0.0,
          1.0
        ]
      ]
    },
    {
      "file_path": "images/0034.jpg",
      "transform_matrix": [
        [
          0.6574224741870913,
          0.01153851409948525,
          0.7534338412402902,
          1315.0847866354206
        ],
        [
          0.7535114978547516,
          -0.015393315289453504,
          -0.6572544929059735,
          1039.706996786004
        ],
        [
          0.004014104434610269,
          0.9998149371442574,
          -0.018814314465655763,
          1.512507020737797
        ],
        [
          0.0,
          0.0,
          0.0,
          1.0
        ]
      ]
    },
    {
      "file_path": "images/0035.jpg",
      "transform_matrix": [
        [
          0.6573738664266541,
          0.011467964676893514,
          0.753477329138336,
          1315.0846071003155
        ],
        [
          0.7535533949470566,
          -0.015455563825304072,
          -0.6572049958046623,
          1039.7068185464693
        ],
        [
          0.004108613274051402,
          0.999814788514858,
          -0.018801807465050065,
          1.5124845975794614
        ],
        [
          0.0,
          0.0,
          0.0,
          1.0
        ]
      ]
    },
    {
      "file_path": "images/0036.jpg",
      "transform_matrix": [
        [
          0.6572978427217512,
          0.011383788081716625,
          0.7535449258818226,
          1315.0843793357835
        ],
        [
          0.7536194650138633,
          -0.015438607359019984,
          -0.6571296305562788,
          1039.7067004182609
        ],
        [
          0.004153059781601879,
          0.9998160124601543,
          -0.01872680759568643,
          1.5123560686154203
        ],
        [
          0.0,
          0.0,
          0.0,
          1.0
        ]
      ]
    },
    {
      "file_path": "images/0037.jpg",
      "transform_matrix": [
        [
          0.6572695939702503,
          0.011409323647411127,
          0.753569179422892,
          1315.0843842024608
        ],
        [
          0.7536432238413509,
          -0.01566751482330271,
          -0.6570969640298736,
          1039.706296834905
        ],
        [
          0.004309524358644151,
          0.9998121605147489,
          -0.018896340561919286,
          1.5126436154899185
        ],
        [
          0.0,
          0.0,
          0.0,
          1.0
        ]
      ]
    },
    {
      "file_path": "images/0038.jpg",
      "transform_matrix": [
        [
          0.657318984694418,
          0.011319818884256528,
          0.7535274474501429,
          1315.0843194286804
        ],
        [
          0.753599918640493,
          -0.015643654988396753,
          -0.6571471971207418,
          1039.7064234906352
        ],
        [
          0.004349136160493698,
          0.9998135514979942,
          -0.01881348600408351,
          1.5125017342198182
        ],
        [
          0.0,
          0.0,
          0.0,
          1.0
        ]
      ]
    },
    {
      "file_path": "images/0039.jpg",
      "transform_matrix": [
        [
          0.6573391439150906,
          0.011364649431923075,
          0.7535091868187579,
          1315.0844091542326
        ],
        [
          0.7535825160737913,
          -0.015641530950717544,
          -0.6571672039727885,
          1039.7064687506918
        ],
        [
          0.004317562375967806,
          0.9998130761561423,
          -0.018845991677871193,
          1.5125575876026411
        ],
        [
          0.0,
          0.0,
          0.0,
          1.0
        ]
      ]
    },
    {
      "file_path": "images/0040.jpg",
      "transform_matrix": [
        [
          0.657352333020734,
          0.011430081237673053,
          0.7534966911109156,
          1315.0845290722425
        ],
        [
          0.7535714246530796,
          -0.015602480897584972,
          -0.6571808507071466,
          1039.7065490170478
        ],
        [
          0.004244787218025799,
          0.9998129404207273,
          -0.018869709821112586,
          1.5125989211223938
        ],
        [
          0.0,
          0.0,
          0.0,
          1.0
        ]
      ]
    }
  ]
}