{
  "camera_model": "OPENCV",
  "w": 1600,
  "h": 900,
  "fl_x": 1266.417203046554,
  "fl_y": 1266.417203046554,
  "cx": 816.2670197447984,
  "cy": 491.50706579294757,
  "frames": [
    {
      "file_path": "images/0000.jpg",
      "transform_matrix": [
        [
          -0.9999935227450016,
          0.0007315209249156527,
          -0.0035241091326992545,
          608.8643756808042
        ],
        [
          -0.0035184357551984002,
          0.007617164803528294,
          0.9999647990855445,
          2009.5790498776687
        ],
        [
          0.000758338894759576,
          0.9999707214101285,
          -0.007614541655831634,
          1.5333710081536018
        ],
        [
          0.0,
          0.0,
          0.0,
          1.0
        ]
      ]
    },
    {
      "file_path": "images/0001.jpg",
      "transform_matrix": [
        [
          -0.9713297017772986,
          -0.000726039904786791,
          -0.23773532196811134,
          609.5690119827561
        ],
        [
          -0.23772398999605654,
          -0.0072638593664125645,
          0.9713055857594256,
          2006.5026296168846
        ],
        [
          -0.0024320825602087894,
          0.9999733542515833,
          0.006883005249067443,
          1.5088569074527598
        ],
        [
          0.0,
          0.0,
          0.0,
          1.0
        ]
      ]
    },
    {
      "file_path": "images/0002.jpg",
      "transform_matrix": [
        [
          -0.8935198854539825,
          0.009159889704453902,
          -0.44893018468232315,
          611.0434112677179
        ],
        [
          -0.44900601996826195,
          -0.009373851960397469,
          0.89347956044427,
          2003.5032386121625
        ],
        [
          0.0039759691350875065,
          0.9999141099714651,
          0.012488568749462005,
          1.4992480833421467
        ],
        [
          0.0,
          0.0,
          0.0,
          1.0
        ]
      ]
    },
    {
      "file_path": "images/0003.jpg",
      "transform_matrix": [
        [
          -0.7976017830881518,
          0.01535959251116131,
          -0.6029887880653275,
          613.1163188558995
        ],
        [
          -0.6031738970078762,
          -0.01441634769295548,
          0.7974794159647811,
          2000.6074371206535
        ],
        [
          0.0035560628415543757,
          0.999778101299027,
          0.020763009896930175,
          1.48504053723173
        ],
        [
          0.0,
          0.0,
          0.0,
          1.0
        ]
      ]
    },
    {
      "file_path": "images/0004.jpg",
      "transform_matrix": [
        [
          -0.7120910244198944,
          0.023179172807266644,
          -0.7017044241620518,
          615.809854575046
        ],
        [
          -0.7019562450245315,
          -0.004205456425899014,
          0.7122076552574469,
          1997.7788204163646
        ],
        [
          0.013557396936196512,
          0.999722481533861,
          0.01926543288103524,
          1.487439710328059
        ],
        [
          0.0,
          0.0,
          0.0,
          1.0
        ]
      ]
    },
    {
      "file_path": "images/0005.jpg",
      "transform_matrix": [
        [
          -0.6828828132098784,
          0.018251150692445144,
          -0.730299910256714,
          618.8569006843986
        ],
        [
          -0.7304350967436929,
          -0.0011215121403690483,
          0.6829811942180778,
          1994.811507581075
        ],
        [
          0.011646152480316982,
          0.9998328048773562,
          0.014097142387184097,
          1.4963634479564576
        ],
        [
          0.0,
          0.0,
          0.0,
          1.0
        ]
      ]
    },
    {
      "file_path": "images/0006.jpg",
      "transform_matrix": [
        [
          -0.6747085203954601,
          0.022559756486495715,
          -0.7377394322476177,
          622.2712963181696
        ],
        [
          -0.737913072734891,
          0.0009100393267220848,
          0.67489515401681,
          1991.593331806422
        ],
        [
          0.015896842224754255,
          0.9997450821162824,
          0.016033127941466583,
          1.492932277710161
        ],
        [
          0.0,
          0.0,
          0.0,
          1.0
        ]
      ]
    },
    {
      "file_path": "images/0007.jpg",
      "transform_matrix": [
        [
          -0.6705388996596672,
          0.027026281654180775,
          -0.7413819286596834,
          625.9688594879949
        ],
        [
          -0.74158769833345,
          0.003360690091995723,
          0.6708475172813877,
          1988.1423414996707
        ],
        [
          0.020622068851085997,
          0.9996290741380296,
          0.017788884570051476,
          1.489760699574379
        ],
        [
          0.0,
          0.0,
          0.0,
          1.0
        ]
      ]
    },
    {
      "file_path": "images/0008.jpg",
      "transform_matrix": [
        [
          -0.6690606162993967,
          0.026329977506358473,
          -0.7427412900879995,
          629.8260614178055
        ],
        [
          -0.742901986302662,
          0.004974699033090237,
          0.6693817230228873,
          1984.5811083856545
        ],
        [
          0.021319720087997106,
          0.9996409278606216,
          0.016232217387794724,
          1.4924095464513227
        ],
        [
          0.0,
          0.0,
          0.0,
          1.0
        ]
      ]
    },
    {
      "file_path": "images/0009.jpg",
      "transform_matrix": [
        [
          -0.6676712130232535,
          0.024572351878337523,
          -0.7440506372708943,
          633.4777111179349
        ],
        [
          -0.7442675381813226,
          0.0004719131101836335,
          0.6678814332705538,
          1981.2188203515595
        ],
        [
          0.016762544841701112,
          0.9996979427913129,
          0.017973321041097563,
          1.4895728246003976
        ],
        [
          0.0,
          0.0,
          0.0,
          1.0
        ]
      ]
    },
    {
      "file_path": "images/0010.jpg",
      "transform_matrix": [
        [
          -0.6691913576677169,
          0.02294589426087232,
          -0.7427357624077398,
          638.0703176415034
        ],
        [
          -0.7428902256504465,
          0.002523987709271849,
          0.6694085016782149,
          1976.971365639633
        ],
        [
          0.01723483263239111,
          0.9997335222060988,
          0.01535724980330643,
          1.4940517207253465
        ],
        [
          0.0,
          0.0,
          0.0,
          1.0
        ]
      ]
    },
    {
      "file_path": "images/0011.jpg",
      "transform_matrix": [
        [
          -0.6687317693055216,
          0.035771401106205726,
          -0.7426427321292565,
          642.3547251563374
        ],
        [
          -0.742771541989849,
          0.012175628592153952,
          0.669434231630269,
          1973.0536245730248
        ],
        [
          0.0329887424969393,
          0.9992858254429938,
          0.01842774910795577,
          1.4880950465435159
        ],
        [
          0.0,
          0.0,
          0.0,
          1.0
        ]
      ]
    },
    {
      "file_path": "images/0012.jpg",
      "transform_matrix": [
        [
          -0.6718523975189956,
          0.04610229353750047,
          -0.7392488988686837,
          646.8325388233708
        ],
        [
          -0.738978758805353,
          0.02598524272131797,
          0.673227421600766,
          1968.8835911248225
        ],
        [
          0.050246890276702864,
          0.9985986910122092,
          0.016610368033991595,
          1.4900384643073576
        ],
        [
          0.0,
          0.0,
          0.0,
          1.0
        ]
      ]
    },
    {
      "file_path": "images/0013.jpg",
      "transform_matrix": [
        [
          -0.6717696238800356,
          0.03992784986468419,
          -0.7396832695399156,
          651.3153115910577
        ],
        [
          -0.739203776002415,
          0.02856187343617751,
          0.6728759149572737,
          1964.7043477414602
        ],
        [
          0.04799322843743308,
          0.9987942661984999,
          0.01032781841210188,
          1.5009792274999698
        ],
        [
          0.0,
          0.0,
          0.0,
          1.0
        ]
      ]
    },
    {
      "file_path": "images/0014.jpg",
      "transform_matrix": [
        [
          -0.6700347734619054,
          0.04802999197881402,
          -0.7407742721115304,
          655.846843626663
        ],
        [
          -0.7406223032273639,
          0.024390596792729688,
          0.6714787433346556,
          1960.5008746693388
        ],
        [
          0.050319045241807844,
          0.9985480552575368,
          0.01922953528672372,
          1.4855286800660015
        ],
        [
          0.0,
          0.0,
          0.0,
          1.0
        ]
      ]
    },
    {
      "file_path": "images/0015.jpg",
      "transform_matrix": [
        [
          -0.6696280159337045,
          0.04570884638910942,
          -0.741288757258916,
          660.4635992133728
        ],
        [
          -0.7407903784562548,
          0.030359858983579704,
          0.6710498447575538,
          1956.2293214851834
        ],
        [
          0.05317833640995249,
          0.9984933551728198,
          0.013530861480185617,
          1.495074923158241
        ],
        [
          0.0,
          0.0,
          0.0,
          1.0
        ]
      ]
    },
    {
      "file_path": "images/0016.jpg",
      "transform_matrix": [
        [
          -0.6730964011042564,
          0.031463411944932365,
          -0.7388851659962337,
          665.044595492665
        ],
        [
          -0.7385264676630343,
          0.024071271871899495,
          0.6737946500467562,
          1951.9341409140907
        ],
        [
          0.03898578435352158,
          0.9992150056815863,
          0.007034276017340114,
          1.507238229559359
        ],
        [
          0.0,
          0.0,
          0.0,
          1.0
        ]
      ]
    },
    {
      "file_path": "images/0017.jpg",
      "transform_matrix": [
        [
          -0.6708889981442896,
          0.04515607606280891,
          -0.7401816540306583,
          669.7035909198727
        ],
        [
          -0.7399292409731639,
          0.02535150640930251,
          0.6722068279002053,
          1947.642158657814
        ],
        [
          0.049118942596807574,
          0.9986582147648856,
          0.016404254350095127,
          1.490483486825353
        ],
        [
          0.0,
          0.0,
          0.0,
          1.0
        ]
      ]
    },
    {
      "file_path": "images/0018.jpg",
      "transform_matrix": [
        [
          -0.6741759985701051,
          0.04335091148100694,
          -0.7372973765216905,
          674.3579525330587
        ],
        [
          -0.7369248282464269,
          0.02712542463974801,
          0.6754302398116975,
          1943.3068952749713
        ],
        [
          0.04928002096159525,
          0.9986915989492847,
          0.013659052754326818,
          1.4951791475983007
        ],
        [
          0.0,
          0.0,
          0.0,
          1.0
        ]
      ]
    },
    {
      "file_path": "images/0019.jpg",
      "transform_matrix": [
        [
          -0.6755883170577923,
          0.035749622860644356,
          -0.7364118347231674,
          679.0684905172224
        ],
        [
          -0.7363452122616013,
          0.017539466572217152,
          0.6763786628004906,
          1938.879847082284
        ],
        [
          0.037096552864616605,
          0.9992068512463692,
          0.014474604929977737,
          1.4946440963312961
        ],
        [
          0.0,
          0.0,
          0.0,
          1.0
        ]
      ]
    },
    {
      "file_path": "images/0020.jpg",
      "transform_matrix": [
        [
          -0.6759683666151416,
          0.04109156419297388,
          -0.7357841060309965,
          683.3212024379673
        ],
        [
          -0.7355175350222901,
          0.024182248268315793,
          0.677073980111054,
          1934.8854296805632
        ],
        [
          0.04561494284104807,
          0.9988627043897798,
          0.013877131142411046,
          1.4950888107681912
        ],
        [
          0.0,
          0.0,
          0.0,
          1.0
        ]
      ]
    },
    {
      "file_path": "images/0021.jpg",
      "transform_matrix": [
        [
          -0.6750823343641457,
          0.03292182056990518,
          -0.7370074596364811,
          688.0948254806808
        ],
        [
          -0.736556830517367,
          0.026536023717944626,
          0.6758549214612939,
          1930.4161288649232
        ],
        [
          0.04180762188485187,
          0.9991055966090889,
          0.006334790977578387,
          1.5082413309703226
        ],
        [
          0.0,
          0.0,
          0.0,
          1.0
        ]
      ]
    },
    {
      "file_path": "images/0022.jpg",
      "transform_matrix": [
        [
          -0.6756799723617013,
          0.03432223612559205,
          -0.7363956538822246,
          693.0312257174568
        ],
        [
          -0.7359562306296603,
          0.02648123394763415,
          0.6765110278820237,
          1925.8053251608108
        ],
        [
          0.04272003682901006,
          0.9990599223049381,
          0.007366824103930662,
          1.506420751345784
        ],
        [
          0.0,
          0.0,
          0.0,
          1.0
        ]
      ]
    },
    {
      "file_path": "images/0023.jpg",
      "transform_matrix": [
        [
          -0.6749896534356437,
          0.0352575950722189,
          -0.7369843076650637,
          698.0837012219496
        ],
        [
          -0.7364639293608308,
          0.02849661725871938,
          0.6758763374724812,
          1921.0830699911269
        ],
        [
          0.04483133396671276,
          0.9989718938961863,
          0.006731025199148185,
          1.5073521820625697
        ],
        [
          0.0,
          0.0,
          0.0,
          1.0
        ]
      ]
    },
    {
      "file_path": "images/0024.jpg",
      "transform_matrix": [
        [
          -0.6682234134208179,
          0.038295123810052,
          -0.7429743960922226,
          703.2267377276426
        ],
        [
          -0.7425686938875077,
          0.026730428546119726,
          0.6692362953755132,
          1916.3251980725702
        ],
        [
          0.04548851079592547,
          0.99890888857899,
          0.010574861864601288,
          1.5007481168261334
        ],
        [
          0.0,
          0.0,
          0.0,
          1.0
        ]
      ]
    },
    {
      "file_path": "images/0025.jpg",
      "transform_matrix": [
        [
          -0.6623160463468483,
          0.0246753243129225,
          -0.7488181241940753,
          708.5009840027095
        ],
        [
          -0.7485991780174209,
          0.019033205877330376,
          0.6627495814752918,
          1911.534508342509
        ],
        [
          0.03060597038361866,
          0.9995143147769744,
          0.0058659298319879765,
          1.5097129398007976
        ],
        [
          0.0,
          0.0,
          0.0,
          1.0
        ]
      ]
    },
    {
      "file_path": "images/0026.jpg",
      "transform_matrix": [
        [
          -0.6540507197332232,
          0.0226310106546148,
          -0.7561120904820955,
          714.3457964689933
        ],
        [
          -0.7559089300498582,
          0.01826975758885868,
          0.6544218100189846,
          1906.3032467144133
        ],
        [
          0.028624211558265028,
          0.9995769371661172,
          0.00515763494953224,
          1.511016837428157
        ],
        [
          0.0,
          0.0,
          0.0,
          1.0
        ]
      ]
    },
    {
      "file_path": "images/0027.jpg",
      "transform_matrix": [
        [
          -0.64594698661078,
          0.03178799398249352,
          -0.7627201412884161,
          719.8556676583823
        ],
        [
          -0.7622521556359582,
          0.027487943840788114,
          0.6466962688710526,
          1901.5078212369904
        ],
        [
          0.041522785513348016,
          0.999116577973749,
          0.006474712444415085,
          1.508022680283034
        ],
        [
          0.0,
          0.0,
          0.0,
          1.0
        ]
      ]
    },
    {
      "file_path": "images/0028.jpg",
      "transform_matrix": [
        [
          -0.6391988413027856,
          0.03199127671836973,
          -0.768375819173864,
          724.939853839301
        ],
        [
          -0.7681258198577854,
          0.022184277328639722,
          0.6399145120304838,
          1897.1306392636034
        ],
        [
          0.03751754449564148,
          0.9992419206845435,
          0.010393161293988824,
          1.5016023313529052
        ],
        [
          0.0,
          0.0,
          0.0,
          1.0
        ]
      ]
    },
    {
      "file_path": "images/0029.jpg",
      "transform_matrix": [
        [
          -0.6324055561946736,
          0.024717367728286765,
          -0.7742430265922255,
          730.6383145872971
        ],
        [
          -0.7741231183774314,
          0.016251329160731513,
          0.6328264310963237,
          1892.2685179435987
        ],
        [
          0.02822428188113846,
          0.9995623772597153,
          0.008856854927107877,
          1.5047365196653315
        ],
        [
          0.0,
          0.0,
          0.0,
          1.0
        ]
      ]
    },
    {
      "file_path": "images/0030.jpg",
      "transform_matrix": [
        [
          -0.6249264612456821,
          0.015230254143928076,
          -0.7805350455896658,
          736.2893470895318
        ],
        [
          -0.7804081530368151,
          0.01437054992780808,
          0.6251052727088775,
          1887.5723219016886
        ],
        [
          0.020737230013115938,
          0.9997807392891126,
          0.002905277594204681,
          1.5151783080907057
        ],
        [
          0.0,
          0.0,
          0.0,
          1.0
        ]
      ]
    },
    {
      "file_path": "images/0031.jpg",
      "transform_matrix": [
        [
          -0.6223932490776377,
          0.02231042006438068,
          -0.7823866618617252,
          742.0287731387464
        ],
        [
          -0.7823124740369933,
          0.013909153557453242,
          0.6227308635465522,
          1882.8908118222134
        ],
        [
          0.024775723373916106,
          0.9996543305582519,
          0.008796756642827083,
          1.5049954930542404
        ],
        [
          0.0,
          0.0,
          0.0,
          1.0
        ]
      ]
    },
    {
      "file_path": "images/0032.jpg",
      "transform_matrix": [
        [
          -0.6181456746852572,
          0.016546660178194963,
          -0.7858893897393303,
          747.8066957458688
        ],
        [
          -0.7858446242324728,
          0.010586689375457854,
          0.618333363625959,
          1878.208524762049
        ],
        [
          0.018551318897397442,
          0.9998070464069636,
          0.006458987703360365,
          1.5092154144852485
        ],
        [
          0.0,
          0.0,
          0.0,
          1.0
        ]
      ]
    },
    {
      "file_path": "images/0033.jpg",
      "transform_matrix": [
        [
          -0.6158858655446304,
          0.011382437758124152,
          -0.7877531597734311,
          753.5347597207057
        ],
        [
          -0.7876896988828047,
          0.010332074129490009,
          0.6159855408352535,
          1873.5776062908874
        ],
        [
          0.015150541120980819,
          0.9998818371962087,
          0.0026024505521368073,
          1.5158727764967337
        ],
        [
          0.0,
          0.0,
          0.0,
          1.0
        ]
      ]
    },
    {
      "file_path": "images/0034.jpg",
      "transform_matrix": [
        [
          -0.6153394160237889,
          0.007267014243459351,
          -0.788228769832394,
          759.8600655696137
        ],
        [
          -0.7882581825730982,
          -0.00245338740594693,
          0.6153397585860948,
          1868.5144477545136
        ],
        [
          0.002537852253300185,
          0.999970585264498,
          0.0072379494139375505,
          1.5082268744251588
        ],
        [
          0.0,
          0.0,
          0.0,
          1.0
        ]
      ]
    },
    {
      "file_path": "images/0035.jpg",
      "transform_matrix": [
        [
          -0.615231430951965,
          0.0189754890295801,
          -0.7881181492548477,
          765.6328403602839
        ],
        [
          -0.7882247421361808,
          0.002767060556291961,
          0.6153812633321146,
          1863.9128351881482
        ],
        [
          0.013857931055868628,
          0.999816120190091,
          0.013254567321670425,
          1.497752778714952
        ],
        [
          0.0,
          0.0,
          0.0,
          1.0
        ]
      ]
    },
    {
      "file_path": "images/0036.jpg",
      "transform_matrix": [
        [
          -0.6184111112437677,
          0.008869865028499218,
          -0.7858046977364193,
          771.4176917088563
        ],
        [
          -0.7857877304133981,
          0.0060801686386868,
          0.618466388966358,
          1859.2588345244008
        ],
        [
          0.010263538474104657,
          0.9999421768500925,
          0.0032097872654177242,
          1.5149614567287186
        ],
        [
          0.0,
          0.0,
          0.0,
          1.0
        ]
      ]
    },
    {
      "file_path": "images/0037.jpg",
      "transform_matrix": [
        [
          -0.6259686524470675,
          0.016488439858014542,
          -0.7796738917679953,
          776.6326571274557
        ],
        [
          -0.779797545635243,
          -0.0018368416166224158,
          0.6260290838564349,
          1855.0010850392264
        ],
        [
          0.008890105446741386,
          0.9998623692108451,
          0.014007450204149844,
          1.496574134377177
        ],
        [
          0.0,
          0.0,
          0.0,
          1.0
        ]
      ]
    },
    {
      "file_path": "images/0038.jpg",
      "transform_matrix": [
        [
          -0.6334199172215134,
          0.011385438434870561,
          -0.7737244860147162,
          782.3785081333915
        ],
        [
          -0.7737951961572621,
          -0.0035116813029520033,
          0.6334261302617462,
          1850.2113026681538
        ],
        [
          0.004494760397959416,
          0.999929017423773,
          0.011034366447271259,
          1.5017290769356988
        ],
        [
          0.0,
          0.0,
          0.0,
          1.0
        ]
      ]
    },
    {
      "file_path": "images/0039.jpg",
      "transform_matrix": [
        [
          -0.6464390014609818,
          0.0116072493655641,
          -0.7628773749117838,
          788.1040795687508
        ],
        [
          -0.762944219953859,
          -0.002336161981519248,
          0.6464600989900253,
          1845.3020428027921
        ],
        [
          0.005721418454034397,
          0.999929904597998,
          0.010365870031604604,
          1.502855517419439
        ],
        [
          0.0,
          0.0,
          0.0,
          1.0
        ]
      ]
    },
    {
      "file_path": "images/0040.jpg",
      "transform_matrix": [
        [
          -0.655624621954455,
          0.017858351415995503,
          -0.754875774132263,
          793.7980733841016
        ],
        [
          -0.7550698188385974,
          -0.008764545487315638,
          0.6555858078249185,
          1840.278799779749
        ],
        [
          0.005091538679821889,
          0.9998021114336105,
          0.019230553990155615,
          1.4876626558523012
        ],
        [
          0.0,
          0.0,
          0.0,
          1.0
        ]
      ]
    }
  ]
}