{
  "camera_model": "OPENCV",
  "w": 1600,
  "h": 900,
  "fl_x": 1266.417203046554,
  "fl_y": 1266.417203046554,
  "cx": 816.2670197447984,
  "cy": 491.50706579294757,
  "frames": [
    {
      "file_path": "images/0000.jpg",
      "transform_matrix": [
        [
          -0.9401652123589339,
          0.01558254807305889,
          0.3403623916733912,
          410.87244105365085
        ],
        [
          0.33999683492988725,
          -0.022094631607521325,
          0.9401669955341905,
          1179.57081167158
        ],
        [
          0.022170379061693356,
          0.9996344389073828,
          0.01547458699229483,
          1.4936775157046178
        ],
        [
          0.0,
          0.0,
          0.0,
          1.0
        ]
      ]
    },
    {
      "file_path": "images/0001.jpg",
      "transform_matrix": [
        [
          -0.9419523013695792,
          0.018192709325506293,
          0.3352534672034757,
          409.31574724385797
        ],
        [
          0.3347334783980762,
          -0.026631093854879353,
          0.9419364539498501,
          1175.3339809758997
        ],
        [
          0.026064542660077253,
          0.9994797697639962,
          0.018995511270580974,
          1.4874641581310457
        ],
        [
          0.0,
          0.0,
          0.0,
          1.0
        ]
      ]
    },
    {
      "file_path": "images/0002.jpg",
      "transform_matrix": [
        [
          -0.9443477751724101,
          0.017411230153952757,
          0.3284876384149705,
          407.68590909910705
        ],
        [
          0.3280808681268069,
          -0.022638795528934177,
          0.9443783293289607,
          1170.8124421117318
        ],
        [
          0.023879352924210933,
          0.9995920838029502,
          0.015666604686267602,
          1.4932795132013739
        ],
        [
          0.0,
          0.0,
          0.0,
          1.0
        ]
      ]
    },
    {
      "file_path": "images/0003.jpg",
      "transform_matrix": [
        [
          -0.9479678072860532,
          0.012188983836216546,
          0.318132778918354,
          406.30505684704065
        ],
        [
          0.31773957487089277,
          -0.02644213657340771,
          0.9478092508381097,
          1166.8366350935632
        ],
        [
          0.01996494202691908,
          0.9995760311684526,
          0.02119337168522397,
          1.483921945972649
        ],
        [
          0.0,
          0.0,
          0.0,
          1.0
        ]
      ]
    },
    {
      "file_path": "images/0004.jpg",
      "transform_matrix": [
        [
          -0.9493463958577385,
          0.013226367143666979,
          0.31395299629737866,
          404.9971095779803
        ],
        [
          0.3136006919323067,
          -0.023395443376027333,
          0.9492666955333557,
          1162.9877331570249
        ],
        [
          0.019900419379989168,
          0.9996387929854558,
          0.018062581960520623,
          1.4893159501450022
        ],
        [
          0.0,
          0.0,
          0.0,
          1.0
        ]
      ]
    },
    {
      "file_path": "images/0005.jpg",
      "transform_matrix": [
        [
          -0.9512674773563751,
          0.012787959931964799,
          0.30810169523197684,
          403.8776693819474
        ],
        [
          0.30770154522462817,
          -0.026238787910175913,
          0.9511210675173702,
          1159.686789165141
        ],
        [
          0.02024711313781722,
          0.9995739062669575,
          0.021025230552865738,
          1.4842018329309106
        ],
        [
          0.0,
          0.0,
          0.0,
          1.0
        ]
      ]
    },
    {
      "file_path": "images/0006.jpg",
      "transform_matrix": [
        [
          -0.9535827652042047,
          0.01743177716264238,
          0.30062608511314176,
          402.7214303180112
        ],
        [
          0.30022504280138224,
          -0.022348737766610095,
          0.9536065528272899,
          1156.1266393475194
        ],
        [
          0.02334167047171712,
          0.9995982528322022,
          0.016077915113549193,
          1.4925955522072445
        ],
        [
          0.0,
          0.0,
          0.0,
          1.0
        ]
      ]
    },
    {
      "file_path": "images/0007.jpg",
      "transform_matrix": [
        [
          -0.955117044851149,
          0.02069157839399953,
          0.2955051424567308,
          401.49857887614763
        ],
        [
          0.2949024161791392,
          -0.027874186742148845,
          0.9551207225503847,
          1152.3114522813394
        ],
        [
          0.027999920830489,
          0.9993972625022686,
          0.02052111440583971,
          1.484747126022603
        ],
        [
          0.0,
          0.0,
          0.0,
          1.0
        ]
      ]
    },
    {
      "file_path": "images/0008.jpg",
      "transform_matrix": [
        [
          -0.9578322040768772,
          0.017683233950385124,
          0.2867834933713737,
          400.45866484755976
        ],
        [
          0.2863737272096366,
          -0.02253268267287309,
          0.9578529984165761,
          1148.9743721271793
        ],
        [
          0.02339994011303336,
          0.9995897065539545,
          0.01651851549283107,
          1.4918366329041575
        ],
        [
          0.0,
          0.0,
          0.0,
          1.0
        ]
      ]
    },
    {
      "file_path": "images/0009.jpg",
      "transform_matrix": [
        [
          -0.9600549643307258,
          0.013061990043896871,
          0.2795064397827396,
          399.46317106224524
        ],
        [
          0.27919427532405755,
          -0.02159294298180479,
          0.9599918236316698,
          1145.7420921466835
        ],
        [
          0.018574770259775237,
          0.9996815138980405,
          0.017083579259596107,
          1.4910443865647285
        ],
        [
          0.0,
          0.0,
          0.0,
          1.0
        ]
      ]
    },
    {
      "file_path": "images/0010.jpg",
      "transform_matrix": [
        [
          -0.9629316830597912,
          0.012297440899371306,
          0.2694649266731464,
          398.6496709035087
        ],
        [
          0.269187741309281,
          -0.020392443909462824,
          0.9628718025574363,
          1142.9534094381145
        ],
        [
          0.017335907488370866,
          0.9997164203806626,
          0.01632620999585525,
          1.492385430687888
        ],
        [
          0.0,
          0.0,
          0.0,
          1.0
        ]
      ]
    },
    {
      "file_path": "images/0011.jpg",
      "transform_matrix": [
        [
          -0.9686693142756249,
          0.01290821080680912,
          0.24801842204674573,
          397.8279016800246
        ],
        [
          0.2476090861319338,
          -0.02709890415717923,
          0.9684809703129889,
          1139.8953101109605
        ],
        [
          0.019222383975442722,
          0.9995494122289538,
          0.02305368662608329,
          1.4807370111872487
        ],
        [
          0.0,
          0.0,
          0.0,
          1.0
        ]
      ]
    },
    {
      "file_path": "images/0012.jpg",
      "transform_matrix": [
        [
          -0.9768174260925904,
          0.025136830445514218,
          0.21259316977975024,
          397.1746541912919
        ],
        [
          0.21194959714150866,
          -0.02600073643648939,
          0.97693466003429,
          1136.9675566659025
        ],
        [
          0.030084619881269148,
          0.9993458367651887,
          0.020070231356062194,
          1.4854214131749914
        ],
        [
          0.0,
          0.0,
          0.0,
          1.0
        ]
      ]
    },
    {
      "file_path": "images/0013.jpg",
      "transform_matrix": [
        [
          -0.9852263321828941,
          0.037997962202519504,
          0.1669887099234456,
          396.69734507282027
        ],
        [
          0.16574399325365577,
          -0.033860066993550944,
          0.9855873500423611,
          1134.1195544832296
        ],
        [
          0.04310455977936554,
          0.9987039855390821,
          0.027061895620576187,
          1.472547554466756
        ],
        [
          0.0,
          0.0,
          0.0,
          1.0
        ]
      ]
    },
    {
      "file_path": "images/0014.jpg",
      "transform_matrix": [
        [
          -0.9944133753248487,
          0.04084041036620058,
          0.09733498783152018,
          396.3666204553572
        ],
        [
          0.09691102552892332,
          -0.01224009918225702,
          0.9952177817457548,
          1131.1042337735664
        ],
        [
          0.041836492515198075,
          0.9990907070197025,
          0.008213832290528513,
          1.5050386366722295
        ],
        [
          0.0,
          0.0,
          0.0,
          1.0
        ]
      ]
    },
    {
      "file_path": "images/0015.jpg",
      "transform_matrix": [
        [
          -0.9992601160185872,
          0.037093903309322704,
          0.010161834076520215,
          396.3339553875485
        ],
        [
          0.009791371246797055,
          -0.010155204131198938,
          0.999900495488507,
          1128.5269876813993
        ],
        [
          0.03719340779798899,
          0.9992601834188796,
          0.009784490280039875,
          1.5026617967368658
        ],
        [
          0.0,
          0.0,
          0.0,
          1.0
        ]
      ]
    },
    {
      "file_path": "images/0016.jpg",
      "transform_matrix": [
        [
          -0.9955603512282474,
          0.040830849734124874,
          -0.08480818812047793,
          396.56895773741695
        ],
        [
          -0.0849968752868757,
          -0.002904477274120024,
          0.9963769844808901,
          1126.0571652380536
        ],
        [
          0.04043659547682449,
          0.9991618516145189,
          0.006362077057865926,
          1.5082876300803914
        ],
        [
          0.0,
          0.0,
          0.0,
          1.0
        ]
      ]
    },
    {
      "file_path": "images/0017.jpg",
      "transform_matrix": [
        [
          -0.9830481998121564,
          0.03700112644934452,
          -0.17957492443979675,
          397.0175628646723
        ],
        [
          -0.17967134004029417,
          0.0007299999194225331,
          0.983726423691182,
          1123.7574632501091
        ],
        [
          0.03653007547493027,
          0.9993149572289998,
          0.00593041686550272,
          1.509270700527607
        ],
        [
          0.0,
          0.0,
          0.0,
          1.0
        ]
      ]
    },
    {
      "file_path": "images/0018.jpg",
      "transform_matrix": [
        [
          -0.9613264115808441,
          0.03568330598879305,
          -0.2730901537419627,
          397.66402711504554
        ],
        [
          -0.27317771475592145,
          0.0024927256096881913,
          0.9619603539022634,
          1121.5925084712442
        ],
        [
          0.03500666447736841,
          0.999360039221474,
          0.007351561019537511,
          1.5069419509942266
        ],
        [
          0.0,
          0.0,
          0.0,
          1.0
        ]
      ]
    },
    {
      "file_path": "images/0019.jpg",
      "transform_matrix": [
        [
          -0.9293757685394927,
          0.04146662960919823,
          -0.3667985816227768,
          398.4929933719886
        ],
        [
          -0.3667702791889739,
          0.008563206295702583,
          0.9302721288964746,
          1119.661892657045
        ],
        [
          0.0417162217281174,
          0.9991031929319367,
          0.00725029088656056,
          1.506688834963145
        ],
        [
          0.0,
          0.0,
          0.0,
          1.0
        ]
      ]
    },
    {
      "file_path": "images/0020.jpg",
      "transform_matrix": [
        [
          -0.883859871617537,
          0.0398765457330858,
          -0.46604891207321625,
          399.5435774733072
        ],
        [
          -0.4658539615477591,
          0.014617584598073833,
          0.8847408732113473,
          1117.7902272345973
        ],
        [
          0.04209291929161309,
          0.9990976865757,
          0.005656750356386346,
          1.5093753102848355
        ],
        [
          0.0,
          0.0,
          0.0,
          1.0
        ]
      ]
    },
    {
      "file_path": "images/0021.jpg",
      "transform_matrix": [
        [
          -0.8247379049156144,
          0.0489411945376929,
          -0.5633934217512897,
          400.8529018948172
        ],
        [
          -0.5629768818499061,
          0.023230102521777443,
          0.8261461086511175,
          1115.9794305982584
        ],
        [
          0.05352026436742979,
          0.9985314826354005,
          0.008394015010054306,
          1.503824269947467
        ],
        [
          0.0,
          0.0,
          0.0,
          1.0
        ]
      ]
    },
    {
      "file_path": "images/0022.jpg",
      "transform_matrix": [
        [
          -0.7654786550937036,
          0.0432431526090727,
          -0.6420065874649289,
          402.12768925461506
        ],
        [
          -0.641414177096051,
          0.028244014128476505,
          0.7666747218254337,
          1114.541261625026
        ],
        [
          0.05128627512435005,
          0.9986652619463334,
          0.006116581196273527,
          1.5078930996264432
        ],
        [
          0.0,
          0.0,
          0.0,
          1.0
        ]
      ]
    },
    {
      "file_path": "images/0023.jpg",
      "transform_matrix": [
        [
          -0.6976689192299848,
          0.0436727219373894,
          -0.7150879473876239,
          403.6516903022576
        ],
        [
          -0.7142268442995842,
          0.03564764715434416,
          0.6990059085116647,
          1113.1260131846102
        ],
        [
          0.05601869350782041,
          0.9984097047860361,
          0.006321974908051691,
          1.5071329804323843
        ],
        [
          0.0,
          0.0,
          0.0,
          1.0
        ]
      ]
    },
    {
      "file_path": "images/0024.jpg",
      "transform_matrix": [
        [
          -0.6242780474534442,
          0.043926473346242424,
          -0.7799662713265727,
          405.39887279157165
        ],
        [
          -0.7790500199482088,
          0.03905475993948764,
          0.6257441906600206,
          1111.766427563804
        ],
        [
          0.05794813100015003,
          0.9982711007864699,
          0.009839890657858239,
          1.5009590839289
        ],
        [
          0.0,
          0.0,
          0.0,
          1.0
        ]
      ]
    },
    {
      "file_path": "images/0025.jpg",
      "transform_matrix": [
        [
          -0.5643659867307912,
          0.043276165233586246,
          -0.824389596334194,
          406.95557938727933
        ],
        [
          -0.8228643198245161,
          0.05061749026504612,
          0.5659789579472048,
          1110.7539929786958
        ],
        [
          0.06622193126990761,
          0.9977800575286834,
          0.00704362243027931,
          1.5049027026118869
        ],
        [
          0.0,
          0.0,
          0.0,
          1.0
        ]
      ]
    },
    {
      "file_path": "images/0026.jpg",
      "transform_matrix": [
        [
          -0.5092124051727873,
          0.03762430373828333,
          -0.8598180843564257,
          408.6588998920441
        ],
        [
          -0.8583484254595395,
          0.0506684108393777,
          0.510559196033271,
          1109.768405271158
        ],
        [
          0.06277505021322767,
          0.9980065750841626,
          0.006493778522964485,
          1.5061950751444229
        ],
        [
          0.0,
          0.0,
          0.0,
          1.0
        ]
      ]
    },
    {
      "file_path": "images/0027.jpg",
      "transform_matrix": [
        [
          -0.4714931113391767,
          0.03342023542462605,
          -0.8812362531261774,
          409.9869681951499
        ],
        [
          -0.8799249127364303,
          0.04850001768129564,
          0.4726308244610145,
          1109.079915017536
        ],
        [
          0.05853540728044059,
          0.998263911072155,
          0.006539873503085826,
          1.5065298103242093
        ],
        [
          0.0,
          0.0,
          0.0,
          1.0
        ]
      ]
    },
    {
      "file_path": "images/0028.jpg",
      "transform_matrix": [
        [
          -0.43906916694814613,
          0.030654582981828327,
          -0.8979301549550899,
          411.22497820318154
        ],
        [
          -0.8966398489365097,
          0.048515873679826106,
          0.44009452541493466,
          1108.4964121614348
        ],
        [
          0.05705478012028829,
          0.9983518951468435,
          0.0061842964136754755,
          1.507272829815031
        ],
        [
          0.0,
          0.0,
          0.0,
          1.0
        ]
      ]
    },
    {
      "file_path": "images/0029.jpg",
      "transform_matrix": [
        [
          -0.4238422034559966,
          0.030028041689998817,
          -0.9052381472749752,
          412.1686523814264
        ],
        [
          -0.904016546291646,
          0.04753094247834552,
          0.42484690600032066,
          1108.0667053146306
        ],
        [
          0.055784142912575566,
          0.9984183122416098,
          0.007000227148132054,
          1.5059994466530433
        ],
        [
          0.0,
          0.0,
          0.0,
          1.0
        ]
      ]
    },
    {
      "file_path": "images/0030.jpg",
      "transform_matrix": [
        [
          -0.41734268439867434,
          0.02865884485029478,
          -0.9082971729509867,
          413.2873200347022
        ],
        [
          -0.9073285437849784,
          0.042725263772788756,
          0.4182456998805553,
          1107.5394834728181
        ],
        [
          0.05079367492058906,
          0.9986757343839849,
          0.008171911690000458,
          1.504433273154723
        ],
        [
          0.0,
          0.0,
          0.0,
          1.0
        ]
      ]
    },
    {
      "file_path": "images/0031.jpg",
      "transform_matrix": [
        [
          -0.41490603187494146,
          0.03354233797356963,
          -0.9092457843053526,
          414.36649097760517
        ],
        [
          -0.9085238970303064,
          0.03894996052820133,
          0.41601349629515094,
          1107.034840062368
        ],
        [
          0.049369152703425304,
          0.9986780322697186,
          0.014313442046813472,
          1.4940506427216156
        ],
        [
          0.0,
          0.0,
          0.0,
          1.0
        ]
      ]
    },
    {
      "file_path": "images/0032.jpg",
      "transform_matrix": [
        [
          -0.41331794678634426,
          0.04074777535958378,
          -0.9096746086747537,
          415.4312462652375
        ],
        [
          -0.9093528423730237,
          0.033519267525369476,
          0.4146732047922387,
          1106.5373627786844
        ],
        [
          0.047388637165717694,
          0.9986070686249965,
          0.023199990512247023,
          1.4789140255967217
        ],
        [
          0.0,
          0.0,
          0.0,
          1.0
        ]
      ]
    },
    {
      "file_path": "images/0033.jpg",
      "transform_matrix": [
        [
          -0.4129179587780826,
          0.040390312314336735,
          -0.9098721789293766,
          416.4960263725516
        ],
        [
          -0.9093669578402208,
          0.03711209532941983,
          0.41433612969264677,
          1106.0454163608385
        ],
        [
          0.05050242872341353,
          0.9984945242971591,
          0.021405364786103113,
          1.481764192723712
        ],
        [
          0.0,
          0.0,
          0.0,
          1.0
        ]
      ]
    },
    {
      "file_path": "images/0034.jpg",
      "transform_matrix": [
        [
          -0.4057841308632488,
          0.039798947270677114,
          -0.9131020112428309,
          417.51680596728477
        ],
        [
          -0.9125739701798904,
          0.03753364684907616,
          0.40718542987725004,
          1105.5892845082171
        ],
        [
          0.050477599880242294,
          0.9985025133420316,
          0.021088925055001397,
          1.4823119780211198
        ],
        [
          0.0,
          0.0,
          0.0,
          1.0
        ]
      ]
    },
    {
      "file_path": "images/0035.jpg",
      "transform_matrix": [
        [
          -0.3816719421607323,
          0.040016242449558335,
          -0.923431225867674,
          418.5679468686666
        ],
        [
          -0.9229976307769219,
          0.036472724528110845,
          0.3830732487993487,
          1105.1676003722678
        ],
        [
          0.049009204721622054,
          0.9985331445203595,
          0.023014281366999727,
          1.4791076971745503
        ],
        [
          0.0,
          0.0,
          0.0,
          1.0
        ]
      ]
    },
    {
      "file_path": "images/0036.jpg",
      "transform_matrix": [
        [
          -0.33638962944578765,
          0.03395881253113319,
          -0.941110416610507,
          419.7292909427156
        ],
        [
          -0.9404243955999558,
          0.0403481375994796,
          0.33760033168335646,
          1104.7959269270088
        ],
        [
          0.04943655895978779,
          0.9986084452094973,
          0.018363000693966493,
          1.4870914101351411
        ],
        [
          0.0,
          0.0,
          0.0,
          1.0
        ]
      ]
    },
    {
      "file_path": "images/0037.jpg",
      "transform_matrix": [
        [
          -0.26807538262289954,
          0.028228471343960046,
          -0.9629842899223068,
          421.125686797407
        ],
        [
          -0.9620101009615751,
          0.045790255659686835,
          0.2691464622366802,
          1104.471699937595
        ],
        [
          0.05169289002838078,
          0.9985521548182669,
          0.014880834261222955,
          1.4928872832189586
        ],
        [
          0.0,
          0.0,
          0.0,
          1.0
        ]
      ]
    },
    {
      "file_path": "images/0038.jpg",
      "transform_matrix": [
        [
          -0.20550902861439158,
          0.019236883247453353,
          -0.9784661371150725,
          422.1451812602772
        ],
        [
          -0.9778258826820203,
          0.037115731389186266,
          0.2061042591519471,
          1104.3112327506597
        ],
        [
          0.04028128988868664,
          0.9991258002906186,
          0.011182704437387656,
          1.5000756344167678
        ],
        [
          0.0,
          0.0,
          0.0,
          1.0
        ]
      ]
    }
  ]
}