{
  "camera_model": "OPENCV",
  "w": 1600,
  "h": 900,
  "fl_x": 1266.417203046554,
  "fl_y": 1266.417203046554,
  "cx": 816.2670197447984,
  "cy": 491.50706579294757,
  "frames": [
    {
      "file_path": "images/0000.jpg",
      "transform_matrix": [
        [
          -0.9401652123589339,
          0.015582548073058871,
          0.3403623916733913,
          410.87244105365085
        ],
        [
          0.3399968349298872,
          -0.02209463160752133,
          0.9401669955341905,
          1179.57081167158
        ],
        [
          0.022170379061693352,
          0.9996344389073828,
          0.015474586992294847,
          1.4936775157046178
        ],
        [
          0.0,
          0.0,
          0.0,
          1.0
        ]
      ]
    },
    {
      "file_path": "images/0001.jpg",
      "transform_matrix": [
        [
          -0.9419523013695792,
          0.018192709325506273,
          0.33525346720347576,
          409.31574724385797
        ],
        [
          0.3347334783980762,
          -0.02663109385487935,
          0.9419364539498503,
          1175.3339809758997
        ],
        [
          0.02606454266007725,
          0.9994797697639961,
          0.01899551127058099,
          1.4874641581310455
        ],
        [
          0.0,
          0.0,
          0.0,
          1.0
        ]
      ]
    },
    {
      "file_path": "images/0002.jpg",
      "transform_matrix": [
        [
          -0.9443477751724101,
          0.017411230153952732,
          0.3284876384149706,
          407.68590909910705
        ],
        [
          0.32808086812680687,
          -0.022638795528934177,
          0.9443783293289609,
          1170.8124421117318
        ],
        [
          0.02387935292421093,
          0.9995920838029503,
          0.01566660468626762,
          1.4932795132013739
        ],
        [
          0.0,
          0.0,
          0.0,
          1.0
        ]
      ]
    },
    {
      "file_path": "images/0003.jpg",
      "transform_matrix": [
        [
          -0.9479678072860532,
          0.012188983836216527,
          0.3181327789183541,
          406.30505684704065
        ],
        [
          0.3177395748708927,
          -0.02644213657340771,
          0.9478092508381101,
          1166.8366350935632
        ],
        [
          0.019964942026919074,
          0.9995760311684525,
          0.021193371685223988,
          1.483921945972649
        ],
        [
          0.0,
          0.0,
          0.0,
          1.0
        ]
      ]
    },
    {
      "file_path": "images/0004.jpg",
      "transform_matrix": [
        [
          -0.9493463958577386,
          0.013226367143666958,
          0.3139529962973786,
          404.9971095779803
        ],
        [
          0.31360069193230655,
          -0.023395443376027336,
          0.949266695533356,
          1162.9877331570249
        ],
        [
          0.019900419379989164,
          0.9996387929854558,
          0.01806258196052064,
          1.4893159501450022
        ],
        [
          0.0,
          0.0,
          0.0,
          1.0
        ]
      ]
    },
    {
      "file_path": "images/0005.jpg",
      "transform_matrix": [
        [
          -0.9512674773563753,
          0.012787959931964778,
          0.30810169523197695,
          403.8776693819474
        ],
        [
          0.30770154522462817,
          -0.026238787910175913,
          0.9511210675173705,
          1159.686789165141
        ],
        [
          0.020247113137817217,
          0.9995739062669575,
          0.021025230552865756,
          1.4842018329309106
        ],
        [
          0.0,
          0.0,
          0.0,
          1.0
        ]
      ]
    },
    {
      "file_path": "images/0006.jpg",
      "transform_matrix": [
        [
          -0.9535827652042048,
          0.01743177716264236,
          0.3006260851131419,
          402.7214303180112
        ],
        [
          0.30022504280138224,
          -0.0223487377666101,
          0.9536065528272902,
          1156.1266393475194
        ],
        [
          0.02334167047171711,
          0.999598252832202,
          0.01607791511354921,
          1.4925955522072445
        ],
        [
          0.0,
          0.0,
          0.0,
          1.0
        ]
      ]
    },
    {
      "file_path": "images/0007.jpg",
      "transform_matrix": [
        [
          -0.955117044851149,
          0.02069157839399951,
          0.295505142456731,
          401.49857887614763
        ],
        [
          0.29490241617913915,
          -0.027874186742148845,
          0.9551207225503848,
          1152.3114522813394
        ],
        [
          0.027999920830488998,
          0.9993972625022686,
          0.020521114405839726,
          1.484747126022603
        ],
        [
          0.0,
          0.0,
          0.0,
          1.0
        ]
      ]
    },
    {
      "file_path": "images/0008.jpg",
      "transform_matrix": [
        [
          -0.9578322040768772,
          0.0176832339503851,
          0.28678349337137377,
          400.45866484755976
        ],
        [
          0.28637372720963644,
          -0.022532682672873092,
          0.9578529984165765,
          1148.9743721271793
        ],
        [
          0.023399940113033355,
          0.9995897065539544,
          0.016518515492831082,
          1.4918366329041572
        ],
        [
          0.0,
          0.0,
          0.0,
          1.0
        ]
      ]
    },
    {
      "file_path": "images/0009.jpg",
      "transform_matrix": [
        [
          -0.9600549643307259,
          0.01306199004389685,
          0.2795064397827396,
          399.46317106224524
        ],
        [
          0.2791942753240575,
          -0.02159294298180479,
          0.95999182363167,
          1145.7420921466835
        ],
        [
          0.01857477025977523,
          0.9996815138980405,
          0.017083579259596124,
          1.4910443865647287
        ],
        [
          0.0,
          0.0,
          0.0,
          1.0
        ]
      ]
    },
    {
      "file_path": "images/0010.jpg",
      "transform_matrix": [
        [
          -0.9629316830597913,
          0.012297440899371286,
          0.26946492667314653,
          398.6496709035087
        ],
        [
          0.2691877413092809,
          -0.020392443909462828,
          0.9628718025574365,
          1142.9534094381145
        ],
        [
          0.01733590748837086,
          0.9997164203806628,
          0.016326209995855268,
          1.492385430687888
        ],
        [
          0.0,
          0.0,
          0.0,
          1.0
        ]
      ]
    },
    {
      "file_path": "images/0011.jpg",
      "transform_matrix": [
        [
          -0.9686693142756249,
          0.012908210806809099,
          0.2480184220467458,
          397.8279016800246
        ],
        [
          0.24760908613193375,
          -0.027098904157179235,
          0.9684809703129891,
          1139.8953101109605
        ],
        [
          0.019222383975442715,
          0.9995494122289538,
          0.023053686626083307,
          1.4807370111872487
        ],
        [
          0.0,
          0.0,
          0.0,
          1.0
        ]
      ]
    },
    {
      "file_path": "images/0012.jpg",
      "transform_matrix": [
        [
          -0.9768174260925904,
          0.025136830445514197,
          0.21259316977975024,
          397.1746541912919
        ],
        [
          0.21194959714150857,
          -0.02600073643648939,
          0.9769346600342902,
          1136.9675566659025
        ],
        [
          0.030084619881269144,
          0.9993458367651887,
          0.02007023135606221,
          1.4854214131749914
        ],
        [
          0.0,
          0.0,
          0.0,
          1.0
        ]
      ]
    },
    {
      "file_path": "images/0013.jpg",
      "transform_matrix": [
        [
          -0.985226332182894,
          0.03799796220251948,
          0.16698870992344564,
          396.69734507282027
        ],
        [
          0.16574399325365574,
          -0.03386006699355095,
          0.9855873500423613,
          1134.1195544832296
        ],
        [
          0.04310455977936553,
          0.9987039855390821,
          0.027061895620576204,
          1.472547554466756
        ],
        [
          0.0,
          0.0,
          0.0,
          1.0
        ]
      ]
    },
    {
      "file_path": "images/0014.jpg",
      "transform_matrix": [
        [
          -0.9944133753248486,
          0.04084041036620056,
          0.09733498783152018,
          396.3666204553572
        ],
        [
          0.09691102552892326,
          -0.012240099182257023,
          0.995217781745755,
          1131.1042337735664
        ],
        [
          0.04183649251519807,
          0.9990907070197025,
          0.008213832290528533,
          1.5050386366722295
        ],
        [
          0.0,
          0.0,
          0.0,
          1.0
        ]
      ]
    },
    {
      "file_path": "images/0015.jpg",
      "transform_matrix": [
        [
          -0.9992601160185873,
          0.0370939033093227,
          0.01016183407652016,
          396.3339553875485
        ],
        [
          0.009791371246796977,
          -0.010155204131198945,
          0.9999004954885071,
          1128.5269876813993
        ],
        [
          0.03719340779798898,
          0.9992601834188795,
          0.00978449028003989,
          1.5026617967368658
        ],
        [
          0.0,
          0.0,
          0.0,
          1.0
        ]
      ]
    },
    {
      "file_path": "images/0016.jpg",
      "transform_matrix": [
        [
          -0.9955603512282474,
          0.040830849734124854,
          -0.08480818812047793,
          396.56895773741695
        ],
        [
          -0.08499687528687579,
          -0.0029044772741200335,
          0.9963769844808903,
          1126.0571652380536
        ],
        [
          0.04043659547682448,
          0.999161851614519,
          0.006362077057865942,
          1.5082876300803916
        ],
        [
          0.0,
          0.0,
          0.0,
          1.0
        ]
      ]
    },
    {
      "file_path": "images/0017.jpg",
      "transform_matrix": [
        [
          -0.9830481998121564,
          0.03700112644934451,
          -0.17957492443979692,
          397.0175628646723
        ],
        [
          -0.1796713400402942,
          0.0007299999194225219,
          0.9837264236911824,
          1123.7574632501091
        ],
        [
          0.036530075474930264,
          0.9993149572289999,
          0.005930416865502735,
          1.5092707005276071
        ],
        [
          0.0,
          0.0,
          0.0,
          1.0
        ]
      ]
    },
    {
      "file_path": "images/0018.jpg",
      "transform_matrix": [
        [
          -0.9613264115808441,
          0.03568330598879303,
          -0.27309015374196277,
          397.66402711504554
        ],
        [
          -0.2731777147559215,
          0.002492725609688178,
          0.9619603539022638,
          1121.5925084712442
        ],
        [
          0.0350066644773684,
          0.9993600392214741,
          0.007351561019537528,
          1.5069419509942263
        ],
        [
          0.0,
          0.0,
          0.0,
          1.0
        ]
      ]
    },
    {
      "file_path": "images/0019.jpg",
      "transform_matrix": [
        [
          -0.9293757685394926,
          0.04146662960919822,
          -0.36679858162277684,
          398.4929933719886
        ],
        [
          -0.36677027918897387,
          0.008563206295702569,
          0.9302721288964748,
          1119.661892657045
        ],
        [
          0.04171622172811739,
          0.9991031929319366,
          0.0072502908865605745,
          1.5066888349631447
        ],
        [
          0.0,
          0.0,
          0.0,
          1.0
        ]
      ]
    },
    {
      "file_path": "images/0020.jpg",
      "transform_matrix": [
        [
          -0.883859871617537,
          0.039876545733085786,
          -0.46604891207321625,
          399.5435774733072
        ],
        [
          -0.4658539615477591,
          0.014617584598073819,
          0.8847408732113473,
          1117.7902272345973
        ],
        [
          0.04209291929161309,
          0.9990976865756999,
          0.005656750356386363,
          1.5093753102848355
        ],
        [
          0.0,
          0.0,
          0.0,
          1.0
        ]
      ]
    },
    {
      "file_path": "images/0021.jpg",
      "transform_matrix": [
        [
          -0.8247379049156144,
          0.048941194537692884,
          -0.5633934217512897,
          400.8529018948172
        ],
        [
          -0.5629768818499062,
          0.02323010252177743,
          0.8261461086511177,
          1115.9794305982584
        ],
        [
          0.05352026436742979,
          0.9985314826354005,
          0.00839401501005432,
          1.503824269947467
        ],
        [
          0.0,
          0.0,
          0.0,
          1.0
        ]
      ]
    },
    {
      "file_path": "images/0022.jpg",
      "transform_matrix": [
        [
          -0.7654786550937036,
          0.043243152609072695,
          -0.642006587464929,
          402.12768925461506
        ],
        [
          -0.6414141770960512,
          0.02824401412847648,
          0.7666747218254338,
          1114.541261625026
        ],
        [
          0.05128627512435005,
          0.9986652619463335,
          0.006116581196273544,
          1.5078930996264435
        ],
        [
          0.0,
          0.0,
          0.0,
          1.0
        ]
      ]
    },
    {
      "file_path": "images/0023.jpg",
      "transform_matrix": [
        [
          -0.6976689192299846,
          0.0436727219373894,
          -0.7150879473876242,
          403.6516903022576
        ],
        [
          -0.7142268442995843,
          0.03564764715434414,
          0.6990059085116647,
          1113.1260131846102
        ],
        [
          0.05601869350782041,
          0.9984097047860361,
          0.006321974908051706,
          1.507132980432384
        ],
        [
          0.0,
          0.0,
          0.0,
          1.0
        ]
      ]
    },
    {
      "file_path": "images/0024.jpg",
      "transform_matrix": [
        [
          -0.6242780474534442,
          0.04392647334624241,
          -0.7799662713265728,
          405.39887279157165
        ],
        [
          -0.7790500199482088,
          0.03905475993948762,
          0.6257441906600208,
          1111.766427563804
        ],
        [
          0.05794813100015004,
          0.99827110078647,
          0.009839890657858254,
          1.5009590839289002
        ],
        [
          0.0,
          0.0,
          0.0,
          1.0
        ]
      ]
    },
    {
      "file_path": "images/0025.jpg",
      "transform_matrix": [
        [
          -0.5643659867307911,
          0.04327616523358624,
          -0.8243895963341942,
          406.95557938727933
        ],
        [
          -0.8228643198245161,
          0.05061749026504611,
          0.565978957947205,
          1110.7539929786958
        ],
        [
          0.0662219312699076,
          0.9977800575286835,
          0.0070436224302793254,
          1.5049027026118866
        ],
        [
          0.0,
          0.0,
          0.0,
          1.0
        ]
      ]
    },
    {
      "file_path": "images/0026.jpg",
      "transform_matrix": [
        [
          -0.5092124051727872,
          0.03762430373828332,
          -0.8598180843564258,
          408.6588998920441
        ],
        [
          -0.8583484254595395,
          0.050668410839377676,
          0.5105591960332712,
          1109.768405271158
        ],
        [
          0.06277505021322767,
          0.9980065750841626,
          0.0064937785229645,
          1.5061950751444229
        ],
        [
          0.0,
          0.0,
          0.0,
          1.0
        ]
      ]
    },
    {
      "file_path": "images/0027.jpg",
      "transform_matrix": [
        [
          -0.47149311133917665,
          0.033420235424626035,
          -0.8812362531261776,
          409.9869681951499
        ],
        [
          -0.8799249127364304,
          0.04850001768129563,
          0.4726308244610145,
          1109.079915017536
        ],
        [
          0.058535407280440585,
          0.998263911072155,
          0.006539873503085841,
          1.5065298103242093
        ],
        [
          0.0,
          0.0,
          0.0,
          1.0
        ]
      ]
    },
    {
      "file_path": "images/0028.jpg",
      "transform_matrix": [
        [
          -0.43906916694814613,
          0.03065458298182832,
          -0.89793015495509,
          411.22497820318154
        ],
        [
          -0.8966398489365097,
          0.048515873679826085,
          0.4400945254149347,
          1108.4964121614348
        ],
        [
          0.05705478012028829,
          0.9983518951468435,
          0.00618429641367549,
          1.507272829815031
        ],
        [
          0.0,
          0.0,
          0.0,
          1.0
        ]
      ]
    },
    {
      "file_path": "images/0029.jpg",
      "transform_matrix": [
        [
          -0.42384220345599655,
          0.030028041689998813,
          -0.9052381472749754,
          412.1686523814264
        ],
        [
          -0.904016546291646,
          0.04753094247834551,
          0.4248469060003206,
          1108.0667053146306
        ],
        [
          0.05578414291257557,
          0.9984183122416098,
          0.007000227148132069,
          1.505999446653043
        ],
        [
          0.0,
          0.0,
          0.0,
          1.0
        ]
      ]
    },
    {
      "file_path": "images/0030.jpg",
      "transform_matrix": [
        [
          -0.4173426843986743,
          0.028658844850294775,
          -0.9082971729509869,
          413.2873200347022
        ],
        [
          -0.9073285437849784,
          0.042725263772788735,
          0.4182456998805553,
          1107.5394834728181
        ],
        [
          0.050793674920589046,
          0.9986757343839849,
          0.008171911690000472,
          1.504433273154723
        ],
        [
          0.0,
          0.0,
          0.0,
          1.0
        ]
      ]
    },
    {
      "file_path": "images/0031.jpg",
      "transform_matrix": [
        [
          -0.4149060318749414,
          0.03354233797356963,
          -0.9092457843053527,
          414.36649097760517
        ],
        [
          -0.9085238970303064,
          0.03894996052820131,
          0.41601349629515105,
          1107.034840062368
        ],
        [
          0.0493691527034253,
          0.9986780322697186,
          0.014313442046813486,
          1.4940506427216156
        ],
        [
          0.0,
          0.0,
          0.0,
          1.0
        ]
      ]
    },
    {
      "file_path": "images/0032.jpg",
      "transform_matrix": [
        [
          -0.4133179467863442,
          0.04074777535958377,
          -0.9096746086747539,
          415.4312462652375
        ],
        [
          -0.9093528423730238,
          0.033519267525369455,
          0.4146732047922388,
          1106.5373627786844
        ],
        [
          0.04738863716571768,
          0.9986070686249965,
          0.02319999051224704,
          1.478914025596722
        ],
        [
          0.0,
          0.0,
          0.0,
          1.0
        ]
      ]
    },
    {
      "file_path": "images/0033.jpg",
      "transform_matrix": [
        [
          -0.41291795877808257,
          0.04039031231433673,
          -0.9098721789293767,
          416.4960263725516
        ],
        [
          -0.9093669578402207,
          0.03711209532941981,
          0.4143361296926468,
          1106.0454163608385
        ],
        [
          0.05050242872341352,
          0.998494524297159,
          0.02140536478610313,
          1.4817641927237117
        ],
        [
          0.0,
          0.0,
          0.0,
          1.0
        ]
      ]
    },
    {
      "file_path": "images/0034.jpg",
      "transform_matrix": [
        [
          -0.40578413086324877,
          0.039798947270677114,
          -0.9131020112428311,
          417.51680596728477
        ],
        [
          -0.9125739701798904,
          0.03753364684907614,
          0.4071854298772501,
          1105.5892845082171
        ],
        [
          0.05047759988024229,
          0.9985025133420317,
          0.021088925055001415,
          1.4823119780211198
        ],
        [
          0.0,
          0.0,
          0.0,
          1.0
        ]
      ]
    },
    {
      "file_path": "images/0035.jpg",
      "transform_matrix": [
        [
          -0.38167194216073225,
          0.040016242449558335,
          -0.9234312258676742,
          418.5679468686666
        ],
        [
          -0.9229976307769219,
          0.03647272452811081,
          0.3830732487993487,
          1105.1676003722678
        ],
        [
          0.04900920472162205,
          0.9985331445203594,
          0.023014281366999744,
          1.47910769717455
        ],
        [
          0.0,
          0.0,
          0.0,
          1.0
        ]
      ]
    },
    {
      "file_path": "images/0036.jpg",
      "transform_matrix": [
        [
          -0.33638962944578754,
          0.0339588125311332,
          -0.9411104166105072,
          419.7292909427156
        ],
        [
          -0.9404243955999557,
          0.04034813759947958,
          0.33760033168335657,
          1104.7959269270088
        ],
        [
          0.04943655895978779,
          0.9986084452094974,
          0.018363000693966517,
          1.4870914101351413
        ],
        [
          0.0,
          0.0,
          0.0,
          1.0
        ]
      ]
    },
    {
      "file_path": "images/0037.jpg",
      "transform_matrix": [
        [
          -0.2680753826228995,
          0.02822847134396005,
          -0.962984289922307,
          421.125686797407
        ],
        [
          -0.9620101009615751,
          0.04579025565968682,
          0.26914646223668026,
          1104.471699937595
        ],
        [
          0.051692890028380775,
          0.9985521548182668,
          0.014880834261222971,
          1.4928872832189586
        ],
        [
          0.0,
          0.0,
          0.0,
          1.0
        ]
      ]
    },
    {
      "file_path": "images/0038.jpg",
      "transform_matrix": [
        [
          -0.2055090286143915,
          0.019236883247453353,
          -0.9784661371150727,
          422.1451812602772
        ],
        [
          -0.9778258826820204,
          0.037115731389186245,
          0.2061042591519471,
          1104.3112327506597
        ],
        [
          0.04028128988868664,
          0.9991258002906186,
          0.011182704437387671,
          1.5000756344167678
        ],
        [
          0.0,
          0.0,
          0.0,
          1.0
        ]
      ]
    }
  ]
}