{
  "camera_model": "OPENCV",
  "w": 1600,
  "h": 900,
  "fl_x": 1252.8131021185304,
  "fl_y": 1252.8131021185304,
  "cx": 826.588114781398,
  "cy": 469.9846626224581,
  "frames": [
    {
      "file_path": "images/0000.jpg",
      "transform_matrix": [
        [
          0.24632607158781278,
          -0.003718144702511649,
          0.9691798810623787,
          333.04540212757837
        ],
        [
          0.9691450581471208,
          0.010249498998194993,
          -0.24627790002210814,
          659.085840717273
        ],
        [
          -0.009017911350706679,
          0.9999405598185608,
          0.006128140387883703,
          1.469495323946771
        ],
        [
          0.0,
          0.0,
          0.0,
          1.0
        ]
      ]
    },
    {
      "file_path": "images/0001.jpg",
      "transform_matrix": [
        [
          0.27444747114733636,
          -0.003764153893680351,
          0.9615947258207566,
          330.59593014175374
        ],
        [
          0.961584168089263,
          0.007180092227115573,
          -0.2744163514728837,
          659.8429762418455
        ],
        [
          -0.005871393438614711,
          0.9999671381705869,
          0.005590108944751145,
          1.470451095587959
        ],
        [
          0.0,
          0.0,
          0.0,
          1.0
        ]
      ]
    },
    {
      "file_path": "images/0002.jpg",
      "transform_matrix": [
        [
          0.2965456984735326,
          -0.013414742999257313,
          0.9549244438106655,
          328.15770872128536
        ],
        [
          0.9550147051387287,
          0.0012863488995282172,
          -0.29655565797215333,
          660.6458431885892
        ],
        [
          0.0027498519292436675,
          0.999909190865237,
          0.013192738062838839,
          1.4571307910280256
        ],
        [
          0.0,
          0.0,
          0.0,
          1.0
        ]
      ]
    },
    {
      "file_path": "images/0003.jpg",
      "transform_matrix": [
        [
          0.3082783816716188,
          -0.006672239934018866,
          0.9512727897970126,
          325.75819904874595
        ],
        [
          0.9512960590242314,
          0.001639286266251992,
          -0.30827442454005827,
          661.4930543766643
        ],
        [
          0.0004974725062794234,
          0.9999763966988425,
          0.006852632071352963,
          1.468240517919032
        ],
        [
          0.0,
          0.0,
          0.0,
          1.0
        ]
      ]
    },
    {
      "file_path": "images/0004.jpg",
      "transform_matrix": [
        [
          0.3104326322656955,
          -0.008207755818871709,
          0.9505599473831251,
          323.87193053594643
        ],
        [
          0.9505120287176374,
          0.015922141881685916,
          -0.31027950087136197,
          662.1828697860129
        ],
        [
          -0.012588251970528461,
          0.9998395461984475,
          0.012744323050254417,
          1.4578879021986557
        ],
        [
          0.0,
          0.0,
          0.0,
          1.0
        ]
      ]
    },
    {
      "file_path": "images/0005.jpg",
      "transform_matrix": [
        [
          0.31732222261499776,
          -0.002436422663019454,
          0.9483146476140106,
          321.87697519650766
        ],
        [
          0.948178602447862,
          0.01794687956634342,
          -0.3172305902239735,
          662.9177951348497
        ],
        [
          -0.016246380972303298,
          0.9998359732268282,
          0.00800510754858991,
          1.4661233512319638
        ],
        [
          0.0,
          0.0,
          0.0,
          1.0
        ]
      ]
    },
    {
      "file_path": "images/0006.jpg",
      "transform_matrix": [
        [
          0.3411814111046325,
          -0.0024012592847764604,
          0.9399944035314778,
          319.86196040205795
        ],
        [
          0.9395291228657674,
          0.0324342769010723,
          -0.34092967745414315,
          663.7446773851211
        ],
        [
          -0.02966937821615563,
          0.9994709858899112,
          0.01332202539086559,
          1.4564319227411866
        ],
        [
          0.0,
          0.0,
          0.0,
          1.0
        ]
      ]
    },
    {
      "file_path": "images/0007.jpg",
      "transform_matrix": [
        [
          0.369390682240764,
          0.0016347696251128602,
          0.929272754040479,
          318.02541017025425
        ],
        [
          0.9291909061075914,
          0.012738310515935321,
          -0.36938055640782447,
          664.5408798759211
        ],
        [
          -0.012441217008688783,
          0.9999175280859283,
          0.0031864001428403045,
          1.474582635972709
        ],
        [
          0.0,
          0.0,
          0.0,
          1.0
        ]
      ]
    },
    {
      "file_path": "images/0008.jpg",
      "transform_matrix": [
        [
          0.3830761429818081,
          -0.009055481568281981,
          0.9236723807345045,
          316.39434987300905
        ],
        [
          0.9236175722005383,
          0.01840917688412729,
          -0.38287293261450617,
          665.2949446887447
        ],
        [
          -0.013536949455639715,
          0.999789528080793,
          0.015415918377444715,
          1.4531845520950208
        ],
        [
          0.0,
          0.0,
          0.0,
          1.0
        ]
      ]
    },
    {
      "file_path": "images/0009.jpg",
      "transform_matrix": [
        [
          0.38566414895229967,
          -0.006114921174676092,
          0.9226189744157265,
          314.8309443663173
        ],
        [
          0.9223611140929325,
          0.02710667108918241,
          -0.3853767034885587,
          666.0146727581686
        ],
        [
          -0.022652580915736815,
          0.9996138435023255,
          0.016094236743804183,
          1.4517967646809058
        ],
        [
          0.0,
          0.0,
          0.0,
          1.0
        ]
      ]
    },
    {
      "file_path": "images/0010.jpg",
      "transform_matrix": [
        [
          0.3894549497194805,
          -0.008611525075950987,
          0.921005257191762,
          313.4389807013117
        ],
        [
          0.9208477749152436,
          0.02436006863977104,
          -0.38916058701969203,
          666.6310471578189
        ],
        [
          -0.019084485129089394,
          0.9996661586208329,
          0.01741705301208146,
          1.4495603617115302
        ],
        [
          0.0,
          0.0,
          0.0,
          1.0
        ]
      ]
    },
    {
      "file_path": "images/0011.jpg",
      "transform_matrix": [
        [
          0.3914911320664966,
          -0.010452370671394151,
          0.9201225143754723,
          312.1987314626469
        ],
        [
          0.9197423351963593,
          0.03534780097767888,
          -0.3909278319761731,
          667.2035281503129
        ],
        [
          -0.028438184907646193,
          0.9993204095350954,
          0.023451838430458755,
          1.4386302831144642
        ],
        [
          0.0,
          0.0,
          0.0,
          1.0
        ]
      ]
    },
    {
      "file_path": "images/0012.jpg",
      "transform_matrix": [
        [
          0.39169735816811807,
          -0.00769595259970899,
          0.920061928305753,
          311.0905283564869
        ],
        [
          0.9195340208946315,
          0.03816002043755104,
          -0.39115341907946727,
          667.7185371378781
        ],
        [
          -0.03209928381551044,
          0.999242005298911,
          0.02202386943165508,
          1.441010977193563
        ],
        [
          0.0,
          0.0,
          0.0,
          1.0
        ]
      ]
    },
    {
      "file_path": "images/0013.jpg",
      "transform_matrix": [
        [
          0.3941636984742186,
          -0.00306144656750737,
          0.9190351496814687,
          310.105846119167
        ],
        [
          0.9183105271213271,
          0.04115365531691377,
          -0.3937158270024297,
          668.1810355581895
        ],
        [
          -0.036616315806969474,
          0.9991481392661307,
          0.019032635596609435,
          1.4460851700752442
        ],
        [
          0.0,
          0.0,
          0.0,
          1.0
        ]
      ]
    },
    {
      "file_path": "images/0014.jpg",
      "transform_matrix": [
        [
          0.4047686327600932,
          -0.0007260103521484554,
          0.9144188465044298,
          309.23793560682714
        ],
        [
          0.9133348943416538,
          0.0490038634928638,
          -0.4042499129754906,
          668.6199685495482
        ],
        [
          -0.04451656670772975,
          0.9987983251246171,
          0.020498317414239242,
          1.4430672813730643
        ],
        [
          0.0,
          0.0,
          0.0,
          1.0
        ]
      ]
    },
    {
      "file_path": "images/0015.jpg",
      "transform_matrix": [
        [
          0.4185775131001137,
          0.0041218532777805884,
          0.9081717215661811,
          308.53467024924475
        ],
        [
          0.9065914803397275,
          0.05724304596392879,
          -0.4181089827595115,
          669.0065374662715
        ],
        [
          -0.053709899481810014,
          0.9983517636656573,
          0.020223814757010596,
          1.4429318239200475
        ],
        [
          0.0,
          0.0,
          0.0,
          1.0
        ]
      ]
    },
    {
      "file_path": "images/0016.jpg",
      "transform_matrix": [
        [
          0.42881915485679417,
          0.0005959520880785291,
          0.903390157832712,
          308.04798056741095
        ],
        [
          0.9017975116807829,
          0.059074636087299195,
          -0.42810213185348683,
          669.2669035606979
        ],
        [
          -0.053622573178204215,
          0.9982533907842541,
          0.024794907410318187,
          1.4348562878729083
        ],
        [
          0.0,
          0.0,
          0.0,
          1.0
        ]
      ]
    },
    {
      "file_path": "images/0017.jpg",
      "transform_matrix": [
        [
          0.4354266499031946,
          0.0009189983838902554,
          0.9002237432972151,
          307.768826214945
        ],
        [
          0.8985206331156225,
          0.061047826743125144,
          -0.4346651984176346,
          669.4233559810028
        ],
        [
          -0.0553561597257351,
          0.9981344189496276,
          0.025756111672904376,
          1.4330220977068704
        ],
        [
          0.0,
          0.0,
          0.0,
          1.0
        ]
      ]
    },
    {
      "file_path": "images/0018.jpg",
      "transform_matrix": [
        [
          0.438606838531934,
          0.0017049337261841359,
          0.8986774362328296,
          307.6491126005739
        ],
        [
          0.8970049822469038,
          0.06017881316826678,
          -0.4379047525089116,
          669.4917417486106
        ],
        [
          -0.05482794011500116,
          0.9981861568097649,
          0.024865504943549506,
          1.4346407754065134
        ],
        [
          0.0,
          0.0,
          0.0,
          1.0
        ]
      ]
    },
    {
      "file_path": "images/0019.jpg",
      "transform_matrix": [
        [
          0.43819491449792336,
          0.0023286048363913483,
          0.8988769629419113,
          307.61467093588465
        ],
        [
          0.8972274934782557,
          0.05947517968084527,
          -0.437544886781526,
          669.5105533688965
        ],
        [
          -0.054479738021440384,
          0.9982270686579521,
          0.023972432994339918,
          1.4362486715354321
        ],
        [
          0.0,
          0.0,
          0.0,
          1.0
        ]
      ]
    },
    {
      "file_path": "images/0020.jpg",
      "transform_matrix": [
        [
          0.43833894786769756,
          0.0031825823329267016,
          0.8988041154511553,
          307.6273244693186
        ],
        [
          0.8971649882323933,
          0.058919500492534735,
          -0.4377481882905739,
          669.5056617266097
        ],
        [
          -0.05435025917334082,
          0.9982576639482434,
          0.022971410413519203,
          1.4380297331282375
        ],
        [
          0.0,
          0.0,
          0.0,
          1.0
        ]
      ]
    },
    {
      "file_path": "images/0021.jpg",
      "transform_matrix": [
        [
          0.43846368069848446,
          0.003051910657438305,
          0.8987437268485807,
          307.62887572825804
        ],
        [
          0.8971131878504737,
          0.05881837016020728,
          -0.43786793387556655,
          669.5058308426003
        ],
        [
          -0.05419897501888935,
          0.9982640358006669,
          0.023051809774201137,
          1.4378988839491038
        ],
        [
          0.0,
          0.0,
          0.0,
          1.0
        ]
      ]
    },
    {
      "file_path": "images/0022.jpg",
      "transform_matrix": [
        [
          0.4385322330244451,
          0.0029750758027824054,
          0.8987105371155732,
          307.62913264675615
        ],
        [
          0.8970831966286117,
          0.05879295631449951,
          -0.4379327877818623,
          669.506507995929
        ],
        [
          -0.05414073258819112,
          0.9982657648200551,
          0.02311371590733369,
          1.4377937421841904
        ],
        [
          0.0,
          0.0,
          0.0,
          1.0
        ]
      ]
    },
    {
      "file_path": "images/0023.jpg",
      "transform_matrix": [
        [
          0.4386323632177343,
          0.002925779500199007,
          0.8986618328116206,
          307.62946481809973
        ],
        [
          0.8970393216820571,
          0.05872611374607182,
          -0.4380316186309816,
          669.5070504062179
        ],
        [
          -0.054056500943178105,
          0.9982698449710875,
          0.023134634796783217,
          1.4377630414112161
        ],
        [
          0.0,
          0.0,
          0.0,
          1.0
        ]
      ]
    },
    {
      "file_path": "images/0024.jpg",
      "transform_matrix": [
        [
          0.4385783121411537,
          0.002871675627427959,
          0.8986883873726798,
          307.6295231114871
        ],
        [
          0.8970728814786332,
          0.05861907972689622,
          -0.4379772240740314,
          669.5072346443245
        ],
        [
          -0.05393801474877685,
          0.9982762929024522,
          0.023132954716121156,
          1.4377748638290895
        ],
        [
          0.0,
          0.0,
          0.0,
          1.0
        ]
      ]
    },
    {
      "file_path": "images/0025.jpg",
      "transform_matrix": [
        [
          0.4386759462253501,
          0.0027417633299639827,
          0.8986411391301514,
          307.6296255809285
        ],
        [
          0.897023997487365,
          0.05870637910937602,
          -0.43806564460552483,
          669.507858247979
        ],
        [
          -0.05395703971755264,
          0.9982715280852744,
          0.02329364890286114,
          1.4374891575659916
        ],
        [
          0.0,
          0.0,
          0.0,
          1.0
        ]
      ]
    },
    {
      "file_path": "images/0026.jpg",
      "transform_matrix": [
        [
          0.4387312288794852,
          0.0027386573922517816,
          0.8986141600050512,
          307.62990780999206
        ],
        [
          0.8969995468580885,
          0.05866161347174935,
          -0.4381217045996174,
          669.5081494223518
        ],
        [
          -0.05391402175946474,
          0.998274168182558,
          0.02328010732666462,
          1.4375163249592449
        ],
        [
          0.0,
          0.0,
          0.0,
          1.0
        ]
      ]
    },
    {
      "file_path": "images/0027.jpg",
      "transform_matrix": [
        [
          0.438669866843732,
          0.0027366264785615695,
          0.8986441224415922,
          307.6299160936014
        ],
        [
          0.8970319136446944,
          0.05861718338400048,
          -0.4380613789357196,
          669.5082717322207
        ],
        [
          -0.05387479769094366,
          0.9982767836064523,
          0.023258750742819332,
          1.4375570328645328
        ],
        [
          0.0,
          0.0,
          0.0,
          1.0
        ]
      ]
    },
    {
      "file_path": "images/0028.jpg",
      "transform_matrix": [
        [
          0.43867421849279825,
          0.002758743273857318,
          0.8986419305626029,
          307.63010707024563
        ],
        [
          0.8970322272912062,
          0.058561266145699384,
          -0.43806821535965235,
          669.5084005512275
        ],
        [
          -0.05383412700797579,
          0.9982800045292713,
          0.02321463603694062,
          1.4376381076814244
        ],
        [
          0.0,
          0.0,
          0.0,
          1.0
        ]
      ]
    },
    {
      "file_path": "images/0029.jpg",
      "transform_matrix": [
        [
          0.4386353667528747,
          0.0027405861841911603,
          0.898660950648763,
          307.630095133419
        ],
        [
          0.897050343142973,
          0.058585365877641925,
          -0.43802789497023753,
          669.5085796008979
        ],
        [
          -0.053848833790953045,
          0.9982786405069228,
          0.0232391696711493,
          1.4375936092333879
        ],
        [
          0.0,
          0.0,
          0.0,
          1.0
        ]
      ]
    },
    {
      "file_path": "images/0030.jpg",
      "transform_matrix": [
        [
          0.43873777104347117,
          0.0028110139101120094,
          0.8986107424578257,
          307.63040912756435
        ],
        [
          0.8970020228874347,
          0.05852133581684077,
          -0.43813539481542,
          669.5088133962331
        ],
        [
          -0.05381950571733356,
          0.9982822003096171,
          0.02315403527103202,
          1.4377464032606608
        ],
        [
          0.0,
          0.0,
          0.0,
          1.0
        ]
      ]
    },
    {
      "file_path": "images/0031.jpg",
      "transform_matrix": [
        [
          0.43871020491890184,
          0.0026306244030655686,
          0.8986247469969125,
          307.63021860781714
        ],
        [
          0.8970250588802196,
          0.058431021839222164,
          -0.43810028466980344,
          669.508742737324
        ],
        [
          -0.053660039516884424,
          0.9982879822486466,
          0.023274549554654397,
          1.437545049769232
        ],
        [
          0.0,
          0.0,
          0.0,
          1.0
        ]
      ]
    },
    {
      "file_path": "images/0032.jpg",
      "transform_matrix": [
        [
          0.43858777927983955,
          0.0026356657349517927,
          0.8986844903148784,
          307.630095764045
        ],
        [
          0.8970848648046273,
          0.05842612955109693,
          -0.4379784614842862,
          669.5086872781022
        ],
        [
          -0.05366102128027961,
          0.9982882552909318,
          0.023260570572222434,
          1.4375697084810728
        ],
        [
          0.0,
          0.0,
          0.0,
          1.0
        ]
      ]
    },
    {
      "file_path": "images/0033.jpg",
      "transform_matrix": [
        [
          0.4386763638083248,
          0.0024750173491272336,
          0.8986417095400301,
          307.6299817975398
        ],
        [
          0.897045444696006,
          0.0584344958353218,
          -0.4380580781661459,
          669.5089416292756
        ],
        [
          -0.05359587657694989,
          0.9982881768235029,
          0.023413629115433543,
          1.437303732505004
        ],
        [
          0.0,
          0.0,
          0.0,
          1.0
        ]
      ]
    },
    {
      "file_path": "images/0034.jpg",
      "transform_matrix": [
        [
          0.43869304417772104,
          0.0023683984108005592,
          0.8986338540690824,
          307.6299262105083
        ],
        [
          0.8970510897610378,
          0.05822931153596057,
          -0.43807384039289976,
          669.5087314504582
        ],
        [
          -0.053364364032749315,
          0.9983004247054174,
          0.023420219562686515,
          1.4373091862421967
        ],
        [
          0.0,
          0.0,
          0.0,
          1.0
        ]
      ]
    },
    {
      "file_path": "images/0035.jpg",
      "transform_matrix": [
        [
          0.4386693388786737,
          0.002413503490201429,
          0.8986453060738981,
          307.62999528129836
        ],
        [
          0.8970624380703753,
          0.05821120385801995,
          -0.4380530081492815,
          669.5087524629632
        ],
        [
          -0.05336846757198194,
          0.9983013727058092,
          0.02337040698651791,
          1.4373970211762854
        ],
        [
          0.0,
          0.0,
          0.0,
          1.0
        ]
      ]
    },
    {
      "file_path": "images/0036.jpg",
      "transform_matrix": [
        [
          0.4386730541699777,
          0.002316864681740456,
          0.8986437468113996,
          307.6298703153587
        ],
        [
          0.8970621076546939,
          0.05823060830043693,
          -0.4380511057708679,
          669.5088518241006
        ],
        [
          -0.05334347715796947,
          0.9983004699963873,
          0.023465827274775548,
          1.4372300256166857
        ],
        [
          0.0,
          0.0,
          0.0,
          1.0
        ]
      ]
    },
    {
      "file_path": "images/0037.jpg",
      "transform_matrix": [
        [
          0.43871723822536374,
          0.0023078553246656877,
          0.8986222001974522,
          307.6299812523815
        ],
        [
          0.8970473410304893,
          0.05810811558734176,
          -0.4380976088191049,
          669.5087779729736
        ],
        [
          -0.05322830857766138,
          0.9983076282923459,
          0.023422776506484427,
          1.4373146828937782
        ],
        [
          0.0,
          0.0,
          0.0,
          1.0
        ]
      ]
    },
    {
      "file_path": "images/0038.jpg",
      "transform_matrix": [
        [
          0.43875397918267717,
          0.0023565414737643734,
          0.8986041355700789,
          307.6301210769293
        ],
        [
          0.8970284700751734,
          0.05810234299557926,
          -0.43813701237514413,
          669.5088799674534
        ],
        [
          -0.05324349374299198,
          0.9983078505404563,
          0.023378749396267655,
          1.4373914670506112
        ],
        [
          0.0,
          0.0,
          0.0,
          1.0
        ]
      ]
    },
    {
      "file_path": "images/0039.jpg",
      "transform_matrix": [
        [
          0.4387516420510966,
          0.0024292967894715446,
          0.8986050829561195,
          307.63027297801875
        ],
        [
          0.8970320096324492,
          0.058021851871540533,
          -0.43814043228189553,
          669.5087958204904
        ],
        [
          -0.05320310415977343,
          0.9983123575427207,
          0.023278025802430647,
          1.4375726462355474
        ],
        [
          0.0,
          0.0,
          0.0,
          1.0
        ]
      ]
    },
    {
      "file_path": "images/0040.jpg",
      "transform_matrix": [
        [
          0.438767291213636,
          0.0024681023751938237,
          0.8985973362033264,
          307.6303616154356
        ],
        [
          0.8970332198545768,
          0.05783680867534091,
          -0.4381624197025373,
          669.5085958899753
        ],
        [
          -0.053053431918951253,
          0.9983229998517102,
          0.023162930054369858,
          1.437787251403097
        ],
        [
          0.0,
          0.0,
          0.0,
          1.0
        ]
      ]
    }
  ]
}